0 0.9831521739130435 0.7172933333333333 0.03208534621578093 0.48904000000000003 
0 0.8545813204508855 0.5929066666666666 0.27367149758454096 0.5159999999999999 
7 0.6942713365539454 0.68736 0.2993800322061192 0.2525333333333334 
0 0.6238325281803543 0.5811200000000001 0.18972624798711754 0.23914666666666662 
5 0.025398550724637682 0.71024 0.050797101449275364 0.4769066666666667 
0 0.5273711755233494 0.57104 0.11900966183574875 0.16415999999999992 
7 0.547024959742351 0.5863066666666666 0.11126409017713369 0.17778666666666662 
7 0.6328542673107891 0.49455999999999994 0.05115136876006439 0.13594666666666663 
0 0.29202898550724643 0.5743333333333334 0.06999999999999999 0.12312000000000005 
0 0.20090579710144926 0.5826933333333333 0.04851046698872784 0.12762666666666664 
2 0.18931159420289856 0.51308 0.05851046698872785 0.22541333333333333 
