0 0.3312721417069243 0.6069333333333334 0.12586151368760068 0.2664 
5 0.9180273752012883 0.4579066666666667 0.08958132045088565 0.22434666666666667 
5 0.8309702093397746 0.4549866666666667 0.06152173913043476 0.17487999999999995 
3 0.46595813204508857 0.5121066666666666 0.02597423510466988 0.18048000000000003 
5 0.6540418679549114 0.4655333333333333 0.035748792270531383 0.10743999999999998 
3 0.3340700483091787 0.52192 0.019847020933977482 0.2045333333333333 
5 0.7030475040257649 0.46458666666666665 0.02318035426731085 0.12218666666666665 
3 0.17131642512077294 0.54968 0.026433172302737507 0.15370666666666663 
3 0.16440016103059582 0.5569866666666666 0.024259259259259255 0.14864000000000002 
5 0.2609541062801933 0.5463733333333333 0.06572463768115942 0.19493333333333332 
3 0.20614734299516907 0.5487866666666668 0.022777777777777793 0.15421333333333337 
3 0.1824235104669887 0.5560933333333334 0.025716586151368757 0.19074666666666668 
3 0.27744766505636076 0.5293599999999999 0.016296296296296257 0.19082666666666667 
0 0.9502254428341383 0.42055999999999993 0.06895330112721425 0.10757333333333334 
0 0.8797423510466987 0.4500133333333333 0.10368760064412236 0.09143999999999998 
