0 0.4784702093397746 0.5171466666666666 0.027262479871175534 0.08234666666666665 
0 0.09872383252818034 0.6345866666666667 0.1974476650563607 0.2960000000000001 
7 0.21230273752012882 0.7482533333333334 0.12760064412238326 0.25773333333333337 
0 0.28398953301127217 0.64804 0.1425845410628019 0.2787466666666666 
0 0.2554830917874396 0.57532 0.08425120772946859 0.12909333333333334 
0 0.3756763285024155 0.5596533333333333 0.05776167471819642 0.12943999999999997 
0 0.3305998389694042 0.5344 0.04677133655394523 0.1045333333333333 
0 0.4008695652173913 0.5328 0.03871175523349435 0.0888533333333334 
0 0.42155797101449277 0.5266 0.027157809983897 0.06503999999999996 
7 0.43776972624798716 0.49257333333333325 0.02054750402576488 0.07592 
1 0.2369806763285024 0.5296933333333333 0.07468599033816424 0.14151999999999998 
