3 0.6223389694041869 0.6407466666666667 0.04429146537842189 0.3849066666666666 
3 0.3218921095008051 0.61208 0.034396135265700456 0.32016 
3 0.2561111111111111 0.61268 0.02982286634460549 0.30765333333333333 
3 0.7638888888888888 0.6006533333333334 0.03615136876006449 0.3300533333333333 
3 0.7204790660225443 0.5942933333333333 0.042697262479871156 0.32410666666666665 
3 0.5355112721417069 0.5468799999999999 0.022165861513687577 0.1989866666666666 
3 0.6265700483091787 0.63728 0.04660225442834138 0.3365866666666666 
3 0.5905998389694042 0.61768 0.029428341384863086 0.2912533333333333 
3 0.5733695652173914 0.6009333333333333 0.02918679549114332 0.2602133333333333 
3 0.6367552334943638 0.57168 0.04320450885668274 0.2554666666666666 
3 0.6497665056360709 0.5454 0.023623188405797035 0.20951999999999998 
0 0.4613325281803543 0.52668 0.03920289855072468 0.10002666666666664 
