0 0.47695652173913045 0.5107866666666667 0.030853462157809933 0.09314666666666661 
0 0.043067632850241545 0.6529066666666666 0.08613526570048309 0.3477866666666667 
0 0.21737117552334945 0.6745466666666666 0.1950805152979066 0.3356 
0 0.20811996779388084 0.5834266666666668 0.11772141706924313 0.17474666666666666 
0 0.3538486312399356 0.5681466666666667 0.071658615136876 0.14727999999999997 
0 0.29816022544283416 0.5373333333333333 0.05765700483091789 0.10810666666666673 
0 0.3756521739130435 0.5324533333333333 0.04933977455716584 0.11082666666666667 
7 0.4120893719806763 0.49951999999999996 0.03657809983896936 0.12805333333333335 
1 0.41940821256038646 0.4852266666666667 0.03620772946859901 0.12186666666666664 
1 0.44356280193236713 0.47894666666666674 0.01673913043478258 0.06376 
0 0.10973832528180355 0.5697466666666666 0.12802737520128826 0.18338666666666661 
