0 0.9334661835748792 0.5620266666666667 0.10247181964573268 0.13701333333333332 
0 0.8814653784219001 0.5552133333333333 0.100950080515298 0.13005333333333335 
0 0.8137359098228664 0.5550933333333333 0.0933816425120774 0.14016 
0 0.4989009661835749 0.50032 0.027528180354267354 0.08085333333333332 
3 0.817781803542673 0.6364133333333334 0.06548309178743955 0.46685333333333334 
3 0.8376247987117552 0.6428266666666667 0.0676328502415458 0.40549333333333326 
3 0.5178945249597423 0.5853733333333333 0.045354267310789086 0.33570666666666665 
3 0.22822866344605475 0.5090133333333333 0.029178743961352664 0.18656000000000003 
3 0.2654468599033816 0.50872 0.01583735909822863 0.18325333333333332 
3 0.2760789049919485 0.5190933333333333 0.033204508856682774 0.1911466666666667 
3 0.2769243156199678 0.5395333333333333 0.02818035426731079 0.24082666666666666 
3 0.32367149758454106 0.54036 0.034347826086956496 0.21506666666666668 
3 0.1880636070853462 0.5223733333333332 0.025225442834138495 0.21856000000000003 
3 0.2225402576489533 0.5233333333333333 0.02361513687600643 0.21344000000000005 
3 0.24934782608695652 0.5311466666666667 0.021739130434782608 0.19141333333333332 
3 0.24357487922705312 0.5210533333333334 0.020933977455716585 0.19351999999999997 
