3 0.6564734299516909 0.6992666666666667 0.051513687600644134 0.5407733333333333 
3 0.7430555555555556 0.6820266666666667 0.07912238325281802 0.572 
3 0.1962037037037037 0.68664 0.057866344605475045 0.5012266666666667 
3 0.460157004830918 0.5652666666666667 0.0313123993558776 0.26280000000000003 
3 0.5965338164251207 0.5318133333333334 0.024017713365539393 0.20927999999999997 
3 0.8310628019323671 0.5683333333333334 0.04797101449275366 0.32264000000000004 
3 0.9516747181964573 0.5406799999999999 0.05246376811594191 0.33928 
3 0.7880314009661835 0.5340666666666667 0.03049114331723028 0.2628533333333333 
3 0.4219847020933978 0.5346933333333334 0.01678743961352659 0.14837333333333338 
7 0.4133856682769726 0.5661466666666667 0.02332528180354265 0.09511999999999997 
3 0.40648953301127216 0.5284133333333333 0.01692431561996778 0.1505333333333333 
0 0.46024959742351046 0.47901333333333335 0.02088566827697267 0.06949333333333334 
0 0.39689210950080517 0.5072133333333333 0.057230273752012915 0.16392 
1 0.4205917874396135 0.49668 0.038913043478260856 0.12296000000000004 
