0 0.47190016103059584 0.5444533333333333 0.0452334943639292 0.13658666666666666 
0 0.05190418679549114 0.68468 0.10380837359098229 0.37720000000000004 
0 0.1821537842190016 0.7377599999999999 0.31338969404186795 0.5244800000000001 
0 0.25828099838969404 0.562 0.09255233494363928 0.17749333333333334 
0 0.39786634460547504 0.5566266666666667 0.06434782608695654 0.16365333333333326 
0 0.34014492753623193 0.5325333333333333 0.04523349436392915 0.09221333333333337 
0 0.22105877616747183 0.54544 0.07052334943639293 0.11077333333333331 
0 0.4194766505636071 0.5298133333333334 0.03531400966183571 0.08773333333333334 
0 0.43549919484702093 0.5146133333333333 0.02417069243156198 0.05898666666666668 
0 0.30962962962962964 0.5204 0.038953301127214165 0.07450666666666667 
0 0.06711755233494364 0.5949466666666666 0.13423510466988728 0.1862133333333333 
