5 0.7374114331723027 0.6037066666666666 0.06477455716586156 0.3803733333333333 
3 0.621658615136876 0.5496533333333333 0.022190016103059537 0.25018666666666667 
4 0.9431884057971015 0.7288933333333333 0.07235104669887271 0.31799999999999995 
4 0.9785668276972626 0.7384400000000001 0.041256038647343 0.29544 
3 0.9890378421900161 0.61012 0.020314009661835764 0.4236000000000001 
3 0.7970813204508856 0.57152 0.03150563607085346 0.2774933333333334 
3 0.7736916264090177 0.5625999999999999 0.026594202898550794 0.2442933333333333 
3 0.23212962962962963 0.5609866666666666 0.025241545893719824 0.2043733333333333 
3 0.2945450885668277 0.5517733333333333 0.019605475040257666 0.20514666666666667 
1 0.46721417069243154 0.47198666666666667 0.04847020933977459 0.1265333333333333 
