0 0.5786352657004831 0.5639733333333333 0.07957326892109504 0.20533333333333334 
0 0.2063768115942029 0.6037866666666666 0.18758454106280192 0.23386666666666664 
0 0.24956924315619972 0.5868666666666666 0.19084541062801935 0.2023733333333333 
0 0.28544685990338164 0.57984 0.1415378421900161 0.16896000000000003 
0 0.34167874396135267 0.5307066666666667 0.11462962962962964 0.15650666666666674 
0 0.32761674718196454 0.54872 0.09479871175523351 0.14618666666666666 
0 0.5250644122383252 0.5152533333333333 0.02671497584541068 0.07087999999999996 
0 0.5440056360708534 0.5366666666666666 0.03999194847020931 0.10773333333333328 
7 0.10024557165861513 0.78068 0.18015297906602254 0.32792 
7 0.16247584541062804 0.69152 0.15078099838969405 0.2964800000000001 
7 0.21258051529790659 0.6719066666666667 0.11253623188405801 0.2454666666666667 
7 0.8773309178743961 0.8303866666666666 0.24372785829307572 0.3338933333333334 
