0 0.4775120772946859 0.5119866666666667 0.03275362318840576 0.09890666666666667 
0 0.04357085346215781 0.67768 0.08714170692431562 0.3100266666666666 
0 0.2291867954911433 0.6787066666666667 0.18333333333333332 0.3229066666666667 
0 0.2047302737520129 0.5774 0.10694847020933976 0.17213333333333336 
0 0.32031400966183576 0.57064 0.08814814814814816 0.17690666666666668 
1 0.3146940418679549 0.5227866666666667 0.05821256038647344 0.13181333333333328 
7 0.38632447665056363 0.5089333333333333 0.05306763285024152 0.17802666666666664 
1 0.40173510466988727 0.4946133333333334 0.05061996779388084 0.16256 
0 0.4225322061191626 0.50152 0.028333333333333332 0.07888000000000003 
1 0.44086956521739123 0.47835999999999995 0.01958132045088571 0.07282666666666668 
