0 0.9331320450885668 0.5600666666666667 0.10314009661835742 0.13682666666666668 
0 0.8814331723027375 0.5553733333333333 0.10048309178743976 0.13005333333333335 
0 0.8138204508856682 0.5548000000000001 0.09332528180354274 0.14010666666666666 
0 0.49885668276972617 0.5005866666666666 0.027471819645732694 0.08085333333333332 
3 0.16375603864734298 0.46913333333333335 0.013953301127214181 0.12616 
3 0.22623590982286634 0.4941466666666667 0.016368760064412225 0.1553866666666667 
5 0.48400563607085345 0.50868 0.03319645732689212 0.18664000000000003 
3 0.2069082125603865 0.47312000000000004 0.015024154589371978 0.12352000000000006 
3 0.341682769726248 0.5543999999999999 0.03462157809983897 0.2716799999999999 
3 0.3767834138486313 0.55192 0.023083735909822878 0.25952 
3 0.39902173913043476 0.5603066666666667 0.0432125603864734 0.2855199999999999 
3 0.5551167471819645 0.6008266666666666 0.03730273752012886 0.3933866666666666 
3 0.5669162640901771 0.5923066666666666 0.02871175523349443 0.3432266666666668 
3 0.40514090177133655 0.6104933333333333 0.03730273752012886 0.36776 
3 0.44268921095008057 0.5909200000000001 0.04830917874396135 0.34834666666666675 
3 0.4731723027375201 0.5870133333333333 0.040257648953301126 0.3040533333333333 
3 0.34309983896940416 0.5687866666666667 0.037037037037037035 0.30119999999999997 
