0 0.4688727858293076 0.5429866666666667 0.04370370370370368 0.1319466666666667 
0 0.12521739130434784 0.7388933333333333 0.25043478260869567 0.5222133333333334 
0 0.21566022544283417 0.5808 0.11901771336553944 0.21375999999999998 
0 0.38435587761674717 0.5697866666666667 0.07510466988727856 0.18784 
0 0.3208977455716586 0.5398133333333334 0.05324476650563607 0.1045333333333333 
0 0.18649355877616747 0.5565066666666667 0.08524154589371981 0.12703999999999996 
0 0.4133574879227053 0.53096 0.03847020933977453 0.09392 
0 0.4326046698872785 0.5163066666666667 0.025772946859903376 0.06237333333333337 
1 0.4441183574879227 0.48281333333333337 0.01707729468599037 0.07101333333333332 
0 0.2892632850241546 0.52496 0.04527375201288246 0.0829866666666666 
0 0.0319645732689211 0.6119866666666667 0.0639291465378422 0.2055733333333334 
