3 0.9593518518518518 0.6210266666666666 0.07324476650563609 0.74728 
3 0.9323349436392915 0.6117866666666667 0.12727858293075678 0.7657599999999999 
4 0.23625603864734301 0.7940133333333333 0.11373590982286634 0.4013066666666667 
3 0.40206521739130435 0.5997866666666667 0.037576489533011334 0.3544 
3 0.3707367149758454 0.6145066666666666 0.04144122383252816 0.34965333333333337 
3 0.5067391304347826 0.5248799999999999 0.02394524959742352 0.2109333333333333 
3 0.509219001610306 0.49594666666666665 0.024444444444444456 0.15082666666666666 
3 0.5469323671497585 0.52504 0.015764895330112754 0.2046933333333334 
3 0.5931360708534621 0.4938533333333333 0.015901771336553946 0.17351999999999998 
0 0.4634138486312399 0.47884 0.027648953301127238 0.07106666666666661 
3 0.35010466988727856 0.5411333333333334 0.022528180354267326 0.20834666666666665 
3 0.5708011272141706 0.5134133333333334 0.017834138486312382 0.1763733333333333 
