3 0.5275442834138486 0.46717333333333333 0.016859903381642463 0.15471999999999994 
3 0.24109500805152978 0.5296933333333333 0.030998389694041867 0.32322666666666666 
3 0.7091425120772947 0.7374133333333333 0.07334138486312393 0.49317333333333335 
3 0.7792793880837359 0.7178266666666667 0.08654589371980677 0.5323466666666666 
3 0.49823268921095015 0.4793066666666667 0.02847826086956522 0.17818666666666666 
3 0.518792270531401 0.5321866666666667 0.031207729468599028 0.32282666666666676 
3 0.5147504025764895 0.5098 0.02752012882447661 0.28701333333333334 
3 0.4759822866344606 0.5334266666666666 0.03164251207729474 0.3195999999999999 
3 0.45529790660225444 0.5293733333333333 0.032447665056360674 0.3307466666666666 
3 0.4242230273752013 0.47087999999999997 0.02318035426731076 0.17690666666666668 
3 0.44188405797101454 0.4630533333333334 0.015909822866344597 0.18552 
3 0.4161996779388084 0.4654666666666667 0.017761674718196504 0.17125333333333334 
3 0.39597020933977456 0.46964 0.018027375201288234 0.18098666666666668 
3 0.33351851851851855 0.46898666666666666 0.019371980676328504 0.18048000000000003 
3 0.3523953301127214 0.47426666666666667 0.016159420289855068 0.15834666666666666 
3 0.372536231884058 0.46603999999999995 0.017101449275362328 0.1806133333333333 
1 0.10780998389694042 0.492 0.21561996779388085 0.984 
