0 0.46938808373590984 0.5444933333333334 0.04431561996779385 0.13384 
0 0.14774557165861513 0.7390666666666666 0.29549114331723025 0.5218666666666666 
0 0.23509661835748794 0.57292 0.10648953301127213 0.19703999999999997 
0 0.3902536231884058 0.5651200000000001 0.07037842190016101 0.1772266666666667 
0 0.3292149758454106 0.5368266666666667 0.04968599033816428 0.09914666666666669 
0 0.20149355877616748 0.5514 0.07859098228663447 0.11970666666666663 
0 0.41618760064412236 0.5309066666666666 0.037028985507246336 0.09119999999999998 
0 0.4338003220611916 0.5156133333333333 0.025104669887278542 0.06098666666666668 
1 0.4447504025764895 0.4828666666666666 0.016779388083735844 0.07005333333333336 
0 0.29791867954911433 0.5230266666666666 0.04253623188405796 0.07938666666666669 
0 0.047479871175523346 0.6103466666666667 0.09495974235104669 0.20879999999999996 
