0 0.4936674718196457 0.5637466666666666 0.0688969404186795 0.20781333333333335 
0 0.05977455716586151 0.67548 0.11954911433172302 0.31410666666666665 
0 0.13845008051529792 0.7453466666666666 0.27690016103059584 0.5093066666666667 
0 0.3488244766505636 0.56828 0.07231884057971014 0.15165333333333333 
0 0.28008454106280195 0.54708 0.07599838969404185 0.13485333333333333 
0 0.3955152979066023 0.5311066666666666 0.04946859903381647 0.10818666666666665 
7 0.41948067632850244 0.45565333333333335 0.05685185185185182 0.19343999999999997 
7 0.45035024154589376 0.4595466666666666 0.023454106280193232 0.10661333333333331 
0 0.0704549114331723 0.5941200000000001 0.1409098228663446 0.19864 
0 0.17657004830917875 0.54964 0.08714975845410629 0.12978666666666663 
1 0.32664251207729467 0.5003466666666666 0.039549114331723034 0.08805333333333329 
0 0.5425523349436393 0.5000266666666666 0.016859903381642557 0.038986666666666676 
