0 0.6024838969404187 0.6083333333333333 0.08367954911433169 0.19560000000000005 
0 0.16432367149758453 0.75988 0.3034299516908212 0.48024 
0 0.3652938808373591 0.5871066666666668 0.08021739130434782 0.19197333333333344 
0 0.5394524959742351 0.53384 0.03607085346215777 0.08975999999999999 
0 0.2280797101449275 0.5909200000000001 0.10409822866344608 0.17874666666666666 
0 0.4018599033816425 0.5551333333333334 0.050772946859903384 0.12114666666666661 
0 0.31680756843800323 0.5529066666666667 0.05611111111111111 0.10778666666666671 
0 0.355780998389694 0.53324 0.03735909822866343 0.07944000000000005 
0 0.43553542673107887 0.5262800000000001 0.02284219001610306 0.05725333333333333 
1 0.3953985507246377 0.5095066666666667 0.027415458937198076 0.06770666666666662 
0 0.48392914653784214 0.51916 0.019355877616747154 0.060826666666666675 
0 0.5084903381642513 0.5143466666666666 0.013148148148148181 0.043893333333333354 
