0 0.495366344605475 0.5510666666666666 0.06041062801932365 0.18224 
0 0.05867954911433172 0.6886266666666667 0.11735909822866344 0.3493066666666667 
0 0.15064814814814814 0.7414133333333333 0.3012962962962963 0.5171733333333334 
0 0.22711755233494363 0.5767333333333333 0.10412238325281806 0.16333333333333333 
0 0.3473389694041868 0.5708000000000001 0.08395330112721415 0.18608 
0 0.3944847020933977 0.5313466666666666 0.04244766505636068 0.09575999999999998 
0 0.4190499194847021 0.5183333333333333 0.03341384863123998 0.07778666666666671 
7 0.43209339774557165 0.4575466666666666 0.042238325281803525 0.14821333333333336 
0 0.21317632850241544 0.5518266666666667 0.0835668276972625 0.11949333333333334 
0 0.26415056360708533 0.5345466666666666 0.052616747181964595 0.09165333333333327 
1 0.35333735909822866 0.49784 0.03013687600644123 0.07130666666666668 
