0 0.4262882447665057 0.5106933333333333 0.017809983896940423 0.04746666666666662 
0 0.4835950080515298 0.56936 0.06917069243156206 0.18527999999999997 
0 0.08221819645732689 0.7532666666666668 0.16443639291465378 0.43810666666666664 
1 0.05943639291465378 0.5875333333333334 0.11887278582930756 0.30024 
0 0.2048148148148148 0.6211333333333333 0.12336553945249597 0.2225333333333333 
0 0.39331723027375204 0.5475733333333334 0.0423188405797101 0.13045333333333337 
0 0.2690297906602254 0.5600933333333333 0.07052334943639293 0.13512000000000005 
0 0.19101851851851853 0.5583999999999999 0.08126409017713364 0.12992 
0 0.31704106280193234 0.5314 0.03807568438003222 0.08535999999999998 
1 0.2326247987117552 0.51676 0.05895330112721415 0.12519999999999998 
0 0.3339855072463768 0.5222933333333334 0.029130434782608655 0.06762666666666663 
1 0.3518921095008052 0.4937733333333333 0.023027375201288263 0.08818666666666665 
7 0.3922061191626409 0.48610666666666674 0.02753623188405801 0.10693333333333332 
