0 0.9333534621578099 0.5613733333333333 0.10269726247987114 0.13693333333333332 
0 0.8814533011272141 0.5552666666666667 0.10079710144927523 0.13005333333333335 
0 0.8137640901771337 0.555 0.09335748792270535 0.14013333333333336 
0 0.4988888888888889 0.5004000000000001 0.027504025764895395 0.08085333333333332 
3 0.684122383252818 0.62568 0.05286634460547501 0.4326933333333333 
3 0.23520531400966183 0.5256533333333333 0.042858293075684395 0.2133866666666666 
3 0.2726449275362319 0.5236133333333333 0.040249597423510475 0.20584 
3 0.2969484702093398 0.5296 0.02254428341384863 0.21781333333333336 
3 0.34836956521739126 0.5582933333333334 0.04454911433172302 0.27760000000000007 
3 0.384987922705314 0.5508933333333333 0.03355072463768117 0.24584 
3 0.23750805152979068 0.5523066666666667 0.02630434782608697 0.2564 
3 0.27177133655394525 0.54684 0.020933977455716585 0.2463733333333333 
3 0.3001771336553945 0.5492400000000001 0.02818035426731079 0.21949333333333335 
3 0.2502777777777778 0.53184 0.02361513687600643 0.22090666666666667 
