0 0.473852657004831 0.5448933333333333 0.046191626409017715 0.13949333333333333 
0 0.0786755233494364 0.68248 0.1573510466988728 0.37861333333333336 
0 0.2599074074074074 0.7030266666666667 0.21123188405797103 0.4555466666666667 
0 0.27446859903381643 0.55644 0.08368760064412238 0.1642933333333333 
0 0.40433977455716585 0.55036 0.059275362318840584 0.15250666666666665 
0 0.3492028985507246 0.5292933333333334 0.04175523349436394 0.08669333333333339 
0 0.23785024154589368 0.54164 0.06434782608695654 0.10397333333333336 
0 0.4222181964573269 0.52828 0.033872785829307514 0.08466666666666667 
0 0.4369524959742351 0.5137466666666666 0.023373590982286703 0.05725333333333333 
0 0.10218196457326892 0.5843466666666667 0.11874396135265702 0.16890666666666668 
