5 0.6792793880837359 0.5316 0.05815619967793882 0.2913066666666667 
3 0.7353341384863125 0.6172 0.06467793880837362 0.5316266666666666 
3 0.7243880837359099 0.48512000000000005 0.024718196457326837 0.15722666666666668 
3 0.5384822866344606 0.5588933333333334 0.04079710144927533 0.2864266666666667 
3 0.4936956521739131 0.5462800000000001 0.042946859903381665 0.2760266666666667 
3 0.4959299516908212 0.542 0.0432125603864734 0.308 
3 0.7316988727858293 0.5013866666666666 0.040257648953301126 0.18677333333333332 
3 0.8971014492753624 0.5064533333333334 0.01932367149758454 0.2097066666666667 
3 0.9328904991948471 0.5006133333333334 0.024154589371980676 0.24 
3 0.9026731078904991 0.50844 0.020933977455716585 0.19650666666666666 
1 0.496231884057971 0.45288000000000006 0.014444444444444397 0.05333333333333334 
