0 0.5800483091787441 0.56916 0.06658615136876 0.15655999999999995 
0 0.05776167471819645 0.7630533333333333 0.1155233494363929 0.47389333333333333 
0 0.5181602254428342 0.5065733333333333 0.024903381642512035 0.06365333333333334 
0 0.2564573268921095 0.68284 0.19096618357487924 0.3679733333333334 
0 0.12976247987117553 0.62128 0.16738325281803543 0.24266666666666675 
0 0.37374396135265703 0.5498933333333332 0.060450885668277006 0.14261333333333331 
0 0.27749597423510464 0.5530266666666667 0.07207729468599038 0.1286133333333333 
1 0.3289814814814815 0.5174266666666667 0.04367954911433172 0.11442666666666666 
0 0.4134661835748792 0.5241066666666667 0.034323671497584585 0.07925333333333333 
1 0.36640901771336554 0.506 0.040144927536231896 0.09103999999999997 
0 0.4332286634460547 0.5120666666666667 0.02384863123993559 0.06034666666666665 
0 0.4835587761674718 0.5123066666666667 0.02426731078904991 0.07543999999999998 
