0 0.47972222222222227 0.5256533333333333 0.03493558776167471 0.10549333333333334 
0 0.13260064412238326 0.7357333333333332 0.2652012882447665 0.5285333333333333 
0 0.10712157809983898 0.62752 0.180426731078905 0.24469333333333332 
0 0.24799919484702093 0.5620799999999999 0.09814009661835747 0.18208 
0 0.3601207729468599 0.5835199999999999 0.08524959742351046 0.18741333333333335 
0 0.3177818035426731 0.54284 0.06200483091787439 0.11528000000000005 
0 0.4185668276972625 0.5382399999999999 0.04275362318840577 0.09775999999999999 
0 0.38582930756843803 0.5140933333333333 0.030450885668276965 0.06610666666666672 
1 0.44130032206119163 0.48184 0.022745571658615137 0.08992 
0 0.0488365539452496 0.6070533333333333 0.0976731078904992 0.21965333333333326 
0 0.15400161030595813 0.56492 0.10101449275362319 0.14664000000000002 
