0 0.9326650563607084 0.5573333333333333 0.10407407407407407 0.1365333333333333 
0 0.8813848631239936 0.5556133333333333 0.09980676328502418 0.13 
0 0.8139291465378422 0.5543866666666666 0.09325281803542668 0.14002666666666672 
0 0.49878824476650563 0.5009733333333334 0.027399355877616726 0.08088000000000004 
5 0.7527053140096619 0.6202000000000001 0.14157809983896935 0.42013333333333336 
5 0.956743156199678 0.64956 0.055917874396135304 0.4967733333333334 
5 0.1961473429951691 0.6227333333333332 0.09182769726247986 0.37426666666666664 
3 0.15253220611916263 0.4614400000000001 0.01073268921095009 0.12672000000000003 
3 0.13996376811594202 0.4976933333333333 0.02066827697262479 0.18632 
3 0.11491143317230273 0.4883866666666667 0.023880837359098236 0.18968 
3 0.8682085346215781 0.6911866666666666 0.09366344605475044 0.5856266666666667 
3 0.867109500805153 0.6656133333333333 0.071658615136876 0.5529333333333333 
3 0.9557528180354268 0.6717066666666667 0.057898550724637746 0.6165333333333334 
