0 0.493756038647343 0.5669066666666667 0.0696698872785829 0.21013333333333337 
0 0.03214573268921095 0.6784933333333334 0.0642914653784219 0.3064266666666667 
0 0.11501610305958132 0.7475466666666666 0.23003220611916264 0.5049066666666667 
0 0.3356078904991948 0.5756266666666667 0.08131239935587763 0.16666666666666666 
0 0.26625201288244765 0.55464 0.08334138486312398 0.14479999999999996 
0 0.38954106280193235 0.5342133333333333 0.053285024154589335 0.11504000000000004 
7 0.4163204508856683 0.45211999999999997 0.060016103059581334 0.20333333333333334 
7 0.44905797101449274 0.45857333333333333 0.0242190016103059 0.10930666666666669 
0 0.0551731078904992 0.60116 0.1103462157809984 0.21176 
0 0.1527012882447665 0.553 0.09738325281803542 0.13965333333333335 
1 0.3206964573268921 0.50092 0.041537842190016126 0.09138666666666662 
0 0.5493639291465378 0.5026133333333334 0.01732689210950088 0.038826666666666676 
