0 0.6041867954911433 0.5901066666666667 0.08639291465378418 0.19536000000000006 
0 0.2827053140096618 0.6479333333333334 0.15898550724637683 0.34168000000000004 
0 0.5313768115942029 0.50932 0.03152979066022542 0.07858666666666667 
0 0.08921497584541063 0.64196 0.17842995169082126 0.29917333333333335 
0 0.3661795491143317 0.5694666666666667 0.08004025764895333 0.17520000000000005 
0 0.26621578099838966 0.5621733333333333 0.08115942028985508 0.14098666666666668 
0 0.3262962962962963 0.5386266666666667 0.049388083735909846 0.09736000000000006 
1 0.3585990338164251 0.5058666666666667 0.03360708534621579 0.09290666666666668 
0 0.42661835748792265 0.5135466666666666 0.027487922705314 0.06538666666666669 
1 0.3854669887278583 0.49681333333333333 0.03210950080515298 0.07661333333333331 
0 0.4369202898550724 0.5019466666666668 0.020877616747181926 0.053226666666666686 
0 0.4838929146537842 0.50436 0.021521739130434796 0.06690666666666667 
0 0.5044685990338164 0.49154666666666663 0.011417069243156159 0.03834666666666673 
