0 0.47316827697262476 0.5182133333333333 0.027206119162640964 0.0821333333333333 
0 0.06146940418679549 0.7106933333333333 0.12293880837359097 0.3546133333333333 
0 0.15656199677938806 0.7728666666666666 0.3131239935587761 0.45426666666666665 
0 0.21705716586151366 0.5951333333333334 0.11685185185185183 0.18946666666666662 
0 0.2787157809983897 0.55968 0.06504830917874398 0.11871999999999995 
0 0.3529669887278583 0.57096 0.07198872785829305 0.14058666666666667 
1 0.40742753623188405 0.49324 0.04471014492753621 0.16034666666666667 
0 0.42617149758454104 0.51932 0.023357487922705308 0.06173333333333335 
0 0.04061191626409018 0.6188666666666667 0.08122383252818036 0.194 
0 0.13832125603864737 0.5648666666666666 0.11313204508856682 0.16258666666666666 
0 0.2715177133655395 0.5366799999999999 0.05820450885668279 0.1054666666666667 
