0 0.4922141706924315 0.5467466666666667 0.05524959742351047 0.16671999999999995 
1 0.12409822866344605 0.5244933333333334 0.2481964573268921 0.9510133333333333 
0 0.09838969404186795 0.6366533333333333 0.1967793880837359 0.27842666666666666 
0 0.23907407407407408 0.5718133333333334 0.09368760064412239 0.16576 
0 0.34336151368760065 0.58152 0.09630434782608696 0.22352000000000005 
0 0.31027777777777776 0.5386266666666667 0.05772141706924316 0.1049866666666666 
0 0.3921175523349436 0.5323333333333333 0.048051529790660234 0.11629333333333337 
0 0.4115700483091787 0.5183733333333332 0.03035426731078904 0.07184000000000007 
0 0.428329307568438 0.5099600000000001 0.02517713365539451 0.060986666666666606 
7 0.43570048309178744 0.461 0.03383252818035425 0.12258666666666673 
0 0.27608293075684376 0.5351866666666667 0.05496779388083734 0.08893333333333332 
