3 0.6143639291465378 0.65796 0.0499194847020934 0.45634666666666673 
3 0.6862037037037036 0.64424 0.052069243156199735 0.4594133333333334 
3 0.25226650563607084 0.5947066666666666 0.04052334943639295 0.30573333333333325 
3 0.5205877616747182 0.5433733333333333 0.023349436392914653 0.20306666666666667 
3 0.6783132045088566 0.5648266666666667 0.04454911433172306 0.3042133333333334 
3 0.8937520128824477 0.6020133333333333 0.06172302737520117 0.4516 
3 0.8587922705314008 0.5687866666666667 0.040257648953301126 0.3540533333333334 
3 0.3344524959742351 0.57068 0.026296296296296318 0.23309333333333324 
7 0.3199315619967794 0.63064 0.03884863123993559 0.15567999999999999 
3 0.31005636070853465 0.5646266666666667 0.02146537842190018 0.238 
3 0.9215982286634461 0.5646933333333333 0.05823671497584535 0.3884800000000001 
0 0.4355716586151369 0.4838266666666667 0.0293236714975846 0.09794666666666671 
0 0.35538647342995167 0.508 0.07037037037037035 0.19280000000000003 
1 0.38229066022544284 0.5000933333333334 0.04479066022544283 0.14626666666666666 
