3 0.05145330112721417 0.6572933333333334 0.09045893719806763 0.51832 
3 0.18043478260869564 0.54012 0.029533011272141713 0.26247999999999994 
3 0.1630998389694042 0.5285333333333333 0.030547504025764893 0.2557866666666666 
5 0.6713647342995169 0.5481333333333334 0.04119967793880834 0.28847999999999996 
3 0.49621578099838964 0.54064 0.025346215780998403 0.19141333333333332 
7 0.43533816425120775 0.49572000000000005 0.014412238325281785 0.12317333333333333 
5 0.40020531400966186 0.5003866666666666 0.020539452495974227 0.13543999999999998 
3 0.07187600644122384 0.6324533333333334 0.053027375201288245 0.43200000000000005 
3 0.6356320450885667 0.48758666666666667 0.012922705314009717 0.14823999999999993 
3 0.5598792270531401 0.4682533333333334 0.009581320450885741 0.09341333333333333 
3 0.5313204508856683 0.4814666666666667 0.007487922705313973 0.09653333333333337 
3 0.542950885668277 0.4726666666666667 0.008607085346215826 0.09658666666666674 
3 0.5933977455716586 0.4619066666666667 0.009371980676328584 0.09378666666666671 
3 0.6039130434782608 0.4613999999999999 0.01072463768115946 0.10093333333333332 
