0 0.4232206119162641 0.5082666666666666 0.01626409017713369 0.04666666666666667 
0 0.4461553945249597 0.5426266666666667 0.04710950080515297 0.14237333333333338 
0 0.3524798711755233 0.5697066666666666 0.06933977455716582 0.1853866666666667 
0 0.09419082125603864 0.64792 0.18838164251207729 0.28282666666666667 
0 0.052608695652173916 0.6117333333333334 0.10521739130434783 0.21776000000000006 
0 0.25419082125603865 0.5570666666666667 0.06975040257648953 0.13034666666666667 
1 0.14590579710144927 0.53296 0.1011513687600644 0.17701333333333338 
0 0.2992874396135266 0.5364133333333333 0.04430756843800324 0.09149333333333334 
0 0.23074074074074072 0.5361066666666667 0.04700483091787439 0.08229333333333329 
1 0.34050724637681157 0.4942533333333333 0.03144927536231884 0.10935999999999997 
7 0.381243961352657 0.48588 0.03485507246376809 0.1265333333333334 
2 0.39084943639291464 0.4674533333333334 0.02004025764895329 0.10493333333333332 
