0 0.4152053140096618 0.5135866666666666 0.017206119162640907 0.047173333333333324 
0 0.45704106280193235 0.5580933333333333 0.05775362318840581 0.16365333333333335 
0 0.09330917874396136 0.70016 0.18661835748792271 0.3470933333333333 
0 0.3732165861513687 0.5543466666666667 0.04768921095008048 0.14629333333333336 
0 0.21576489533011273 0.5844533333333334 0.09855072463768116 0.17056000000000002 
0 0.13273752012882448 0.577 0.10956521739130436 0.1547466666666666 
0 0.2902536231884058 0.5426133333333334 0.04712560386473428 0.09930666666666661 
1 0.19712962962962963 0.5260133333333333 0.07150563607085346 0.14151999999999998 
0 0.31418679549114337 0.5272266666666666 0.034492753623188384 0.07557333333333334 
0 0.24948470209339776 0.5287333333333333 0.03660225442834137 0.07010666666666665 
1 0.3396779388083736 0.49296 0.025233494363929174 0.09546666666666662 
7 0.3770813204508857 0.48628000000000005 0.029959742351046682 0.11373333333333335 
