0 0.38705716586151373 0.5327866666666667 0.06949275362318841 0.15922666666666668 
5 0.7073872785829308 0.4590666666666667 0.049331723027375186 0.1442133333333333 
5 0.6517270531400966 0.46149333333333337 0.0410869565217392 0.12816 
3 0.4298711755233495 0.48533333333333334 0.019259259259259226 0.12986666666666663 
5 0.5442673107890499 0.4613466666666666 0.029243156199677888 0.09 
3 0.3438244766505636 0.4942133333333333 0.018727858293075723 0.14181333333333326 
5 0.2660386473429952 0.5282800000000001 0.04861513687600644 0.1472266666666667 
3 0.30446457326892107 0.5122 0.01910628019323673 0.134 
3 0.36299114331723026 0.5012933333333334 0.01037842190016102 0.14066666666666666 
0 0.8702858293075684 0.4322266666666666 0.08859098228663444 0.08642666666666665 
