0 0.47401368760064416 0.5331733333333333 0.03665861513687598 0.11066666666666666 
0 0.2309178743961353 0.74028 0.25476650563607084 0.51944 
0 0.1385024154589372 0.6264000000000001 0.16421900161030595 0.24608000000000008 
0 0.03245169082125604 0.6063733333333333 0.06490338164251208 0.2110933333333334 
0 0.30434782608695654 0.5422133333333333 0.0637037037037037 0.13173333333333334 
0 0.38280998389694043 0.5624133333333333 0.06219001610305963 0.1433866666666666 
0 0.3440458937198067 0.5330133333333333 0.04623993558776168 0.09151999999999998 
0 0.42244363929146533 0.5317333333333334 0.03583735909822861 0.0837866666666667 
1 0.44080515297906603 0.48219999999999996 0.020789049919484652 0.08317333333333332 
0 0.14748792270531402 0.5710266666666667 0.10634460547504024 0.15378666666666663 
