0 0.9335185185185184 0.5623333333333334 0.10236714975845419 0.13703999999999997 
0 0.8814734299516908 0.5551866666666666 0.10103059581320452 0.13005333333333335 
0 0.8137198067632851 0.5551333333333334 0.0933816425120774 0.14013333333333328 
0 0.4989130434782609 0.5002666666666666 0.02753623188405801 0.08085333333333332 
3 0.7272946859903381 0.6147066666666666 0.06682769726247988 0.41453333333333336 
3 0.7617310789049919 0.6185866666666667 0.049388083735909846 0.36304000000000003 
3 0.4587962962962963 0.57032 0.04132850241545897 0.30079999999999996 
3 0.2343679549114332 0.49864 0.027045088566827677 0.1744533333333333 
3 0.2680756843800322 0.5117733333333334 0.01610305958132045 0.17906666666666668 
3 0.2573671497584541 0.52952 0.02576489533011272 0.22351999999999997 
3 0.2895450885668277 0.5355733333333332 0.03194041867954913 0.20357333333333336 
3 0.18117954911433173 0.51288 0.022278582930756855 0.2012266666666667 
3 0.21025764895330112 0.5163466666666666 0.020128824476650563 0.19776 
3 0.23420289855072463 0.5240533333333333 0.018518518518518517 0.17824 
3 0.2431239935587762 0.5135599999999999 0.027520128824476655 0.1804533333333333 
