0 0.4843397745571658 0.52832 0.03119162640901772 0.09429333333333337 
0 0.17139291465378423 0.7545866666666667 0.29938808373590986 0.4908266666666667 
0 0.12376409017713366 0.63912 0.19181159420289853 0.27343999999999996 
0 0.2985265700483092 0.5671466666666667 0.07305958132045089 0.13221333333333338 
0 0.3899033816425121 0.5803200000000001 0.07104669887278584 0.1566933333333333 
0 0.3500201288244767 0.53244 0.04644927536231884 0.09304000000000004 
0 0.41236312399355873 0.5333066666666667 0.03793075684380033 0.08298666666666668 
1 0.4382407407407408 0.48812000000000005 0.028236714975845453 0.1089866666666666 
0 0.059480676328502416 0.6152933333333334 0.11896135265700483 0.23533333333333334 
0 0.15235909822866345 0.5758666666666666 0.11254428341384863 0.1549866666666667 
0 0.26433172302737523 0.5434533333333333 0.05555555555555555 0.08840000000000002 
