0 0.9327616747181965 0.5578799999999999 0.10388083735909821 0.1366133333333333 
0 0.8813969404186797 0.55556 0.09994363929146528 0.13 
0 0.8139090177133655 0.55448 0.09326086956521733 0.14005333333333336 
0 0.49880434782608696 0.5008933333333333 0.02741545893719803 0.08088000000000004 
5 0.5580676328502415 0.6179199999999999 0.10481481481481486 0.36463999999999996 
5 0.6267391304347827 0.5797466666666666 0.11483091787439614 0.34695999999999994 
5 0.33776167471819646 0.53264 0.03199677938808374 0.17253333333333337 
3 0.1551731078904992 0.46087999999999996 0.01698067632850242 0.1266133333333333 
3 0.023369565217391305 0.5356 0.04673913043478261 0.3019199999999999 
3 0.17421900161030596 0.49330666666666667 0.02061191626409017 0.16751999999999997 
3 0.1504428341384863 0.4856933333333333 0.021578099838969415 0.17074666666666666 
3 0.6797020933977456 0.6399066666666666 0.05706924315619968 0.4872266666666666 
3 0.6954710144927537 0.6216 0.0522624798711755 0.4537066666666667 
3 0.8006602254428341 0.63192 0.06386473429951686 0.5295466666666666 
3 0.822367149758454 0.68144 0.08692431561996773 0.60512 
