0 0.9328502415458937 0.5584 0.10370370370370367 0.13664 
0 0.8814049919484701 0.55552 0.10007246376811592 0.13002666666666665 
0 0.8138888888888888 0.5545599999999999 0.09328502415458938 0.14005333333333336 
0 0.4988164251207729 0.5008266666666666 0.027423510466988685 0.08085333333333332 
5 0.447536231884058 0.5668933333333334 0.05410628019323675 0.25181333333333333 
5 0.4987198067632851 0.5461866666666666 0.05582930756843803 0.24501333333333333 
5 0.3828059581320451 0.5056133333333334 0.019702093397745594 0.11432000000000002 
3 0.15309983896940418 0.46042666666666665 0.013945249597423505 0.12650666666666666 
3 0.0839452495974235 0.5192 0.033977455716586155 0.24853333333333338 
3 0.19789855072463766 0.48932000000000003 0.018582930756843787 0.15352 
3 0.1719122383252818 0.48157333333333324 0.018848631239935586 0.15573333333333333 
3 0.5591425120772947 0.61152 0.043502415458937176 0.40703999999999996 
3 0.595744766505636 0.5938 0.05324476650563607 0.38461333333333336 
3 0.6596296296296297 0.6044133333333332 0.09755233494363935 0.4476533333333333 
3 0.9387801932367151 0.6816 0.09184380032206114 0.6048 
3 0.653731884057971 0.6394 0.06298711755233487 0.49693333333333334 
