0 0.47816022544283415 0.5179733333333334 0.03519323671497587 0.10624000000000001 
0 0.11691223832528182 0.7515599999999999 0.23382447665056363 0.49688000000000004 
1 0.1821296296296296 0.5702266666666667 0.13361513687600646 0.24231999999999992 
7 0.31632850241545896 0.5425066666666667 0.10378421900161029 0.3180266666666666 
1 0.35818840579710143 0.51232 0.0886473429951691 0.26112 
0 0.2663405797101449 0.5578666666666666 0.0684138486312399 0.12304000000000004 
0 0.40449275362318843 0.5093599999999999 0.03977455716586154 0.10495999999999996 
0 0.422097423510467 0.5125733333333333 0.025531400966183605 0.0625333333333333 
1 0.435048309178744 0.4774666666666667 0.02394524959742352 0.0864533333333333 
0 0.09822866344605476 0.58292 0.13951690821256035 0.18055999999999994 
