5 0.6617673107890499 0.54744 0.04049114331723024 0.30373333333333336 
3 0.5171739130434783 0.5576666666666666 0.028985507246376812 0.23319999999999996 
7 0.3929186795491143 0.5238266666666667 0.029685990338164256 0.18792 
5 0.38661030595813206 0.5021066666666667 0.026763285024154596 0.14357333333333333 
3 0.6578220611916265 0.49409333333333333 0.021199677938808316 0.18066666666666667 
3 0.5420330112721418 0.47164 0.012278582930756845 0.10743999999999998 
3 0.5210305958132045 0.48110666666666674 0.011803542673107957 0.10456000000000003 
3 0.5344404186795492 0.4756266666666667 0.008590982286634427 0.10479999999999995 
3 0.5713808373590982 0.46155999999999997 0.008590982286634427 0.10573333333333335 
3 0.5842109500805154 0.46040000000000003 0.010466988727858293 0.11402666666666664 
