0 0.9332326892109502 0.5606533333333333 0.10293880837359091 0.13687999999999995 
0 0.8814412238325282 0.55532 0.1006280193236715 0.1300533333333333 
0 0.8137962962962964 0.5548799999999999 0.09334138486312404 0.14010666666666666 
0 0.4988727858293075 0.5005066666666667 0.027487922705314 0.08085333333333332 
3 0.9772705314009662 0.6981333333333334 0.014863123993558805 0.5717333333333333 
3 0.16052334943639293 0.46764 0.013687600644122383 0.12546666666666662 
3 0.25090177133655395 0.4900133333333333 0.014492753623188406 0.1371466666666667 
5 0.42434380032206126 0.49208 0.02023349436392914 0.12986666666666663 
3 0.21676328502415462 0.46812000000000004 0.014219001610305978 0.11474666666666666 
3 0.2832769726247987 0.5424 0.029790660225442835 0.24256000000000003 
3 0.3085507246376812 0.537 0.045378421900160996 0.23255999999999993 
3 0.3386594202898551 0.5467733333333333 0.038913043478260856 0.25125333333333333 
3 0.43907809983896945 0.58108 0.03918679549114328 0.3313866666666667 
3 0.4786392914653784 0.5687733333333334 0.04561996779388081 0.29248 
3 0.31634460547504023 0.5814666666666667 0.0322061191626409 0.30634666666666666 
3 0.35415056360708536 0.5688133333333334 0.035161030595813214 0.29378666666666664 
3 0.38386876006441223 0.5645333333333333 0.038913043478260856 0.25925333333333334 
3 0.28471014492753627 0.5531466666666667 0.0327375201288245 0.26202666666666663 
