0 0.2675805152979066 0.6812933333333334 0.19944444444444445 0.3970933333333333 
5 0.970889694041868 0.44956 0.02762479871175519 0.2108533333333333 
3 0.4993035426731079 0.51964 0.03728663446054746 0.22232000000000002 
5 0.7413929146537842 0.45916 0.04059581320450882 0.1177866666666667 
3 0.33134460547504024 0.5436533333333333 0.02758454106280197 0.25680000000000003 
5 0.7335587761674718 0.4635333333333333 0.02421900161030599 0.13976 
3 0.13364331723027376 0.5654533333333334 0.026674718196457347 0.1833866666666667 
3 0.11424718196457326 0.57292 0.023035426731078893 0.17869333333333332 
5 0.2776731078904992 0.5588133333333334 0.07483091787439614 0.22738666666666668 
3 0.11592592592592592 0.5693733333333333 0.029581320450885663 0.1886133333333333 
3 0.07449275362318841 0.57996 0.04082125603864734 0.23928000000000005 
3 0.19852254428341384 0.5490533333333333 0.021618357487922724 0.22941333333333333 
0 0.930012077294686 0.45066666666666666 0.1093800322061191 0.10293333333333339 
