3 0.49639694041867954 0.5486933333333333 0.01809178743961355 0.15973333333333334 
3 0.5090338164251208 0.54552 0.019066022544283374 0.1829866666666667 
3 0.026888083735909826 0.69324 0.05377616747181965 0.38434666666666656 
3 0.11826489533011271 0.7273333333333334 0.0861755233494364 0.5346666666666666 
3 0.7011513687600643 0.6546000000000001 0.06107890499194848 0.48744 
3 0.8860507246376811 0.6814 0.10218196457326899 0.6265333333333333 
3 0.44060789049919485 0.5547866666666668 0.022713365539452524 0.19304000000000004 
0 0.35493156199677944 0.5637466666666666 0.11598228663446056 0.2948533333333333 
1 0.40820048309178747 0.5327466666666667 0.06403381642512075 0.19871999999999995 
4 0.6644967793880838 0.6017733333333334 0.04010466988727863 0.21943999999999997 
