0 0.4157125603864735 0.5132666666666666 0.016996779388083746 0.046960000000000036 
0 0.44921900161030603 0.5567466666666667 0.05344605475040257 0.15552 
0 0.06097826086956522 0.7406400000000001 0.12195652173913044 0.40176 
0 0.3631682769726248 0.5602133333333333 0.055450885668276974 0.15669333333333338 
0 0.18210950080515298 0.6016666666666667 0.12099838969404186 0.19709333333333331 
0 0.09929951690821257 0.59004 0.12798711755233494 0.1724533333333333 
0 0.2770893719806763 0.54992 0.053276972624798725 0.10832000000000001 
1 0.17943639291465377 0.53052 0.07967793880837358 0.15170666666666663 
0 0.30807165861513686 0.5299866666666667 0.03719001610305962 0.08018666666666664 
0 0.24080515297906602 0.5340133333333333 0.039645732689210955 0.07410666666666664 
1 0.3374959742351047 0.49344000000000005 0.027487922705314 0.09978666666666663 
7 0.3769082125603865 0.4862133333333333 0.031706924315619965 0.11775999999999999 
