0 0.45009661835748793 0.5120133333333333 0.017423510466988718 0.04840000000000001 
0 0.03889291465378422 0.7596666666666667 0.07778582930756844 0.4806666666666667 
0 0.5343317230273752 0.5928933333333333 0.0879227053140097 0.2195466666666667 
0 0.1990619967793881 0.6514 0.15078099838969405 0.26744000000000007 
1 0.11885668276972625 0.5689333333333334 0.15439613526570048 0.24469333333333337 
0 0.28794685990338165 0.58676 0.08057971014492757 0.16455999999999996 
0 0.42499194847020927 0.54292 0.03837359098228661 0.11928000000000005 
0 0.3198711755233494 0.5485333333333333 0.054057971014492785 0.11343999999999999 
0 0.24547504025764896 0.5501066666666667 0.06563607085346214 0.11338666666666669 
0 0.3534460547504026 0.52804 0.03157809983896938 0.07559999999999999 
1 0.27742753623188404 0.51572 0.04925120772946857 0.11208 
0 0.3640780998389694 0.5184266666666667 0.02471014492753623 0.06133333333333333 
1 0.3794887278582931 0.49464 0.019927536231884056 0.08186666666666671 
7 0.4151247987117553 0.48796000000000006 0.025966183574879273 0.10146666666666662 
