0 0.49318035426731077 0.5185333333333333 0.01871175523349437 0.05157333333333334 
0 0.14937198067632848 0.7316266666666668 0.24806763285024155 0.4589333333333334 
1 0.07547504025764895 0.6044533333333334 0.1509500805152979 0.3224533333333333 
0 0.6519122383252818 0.6632933333333333 0.1608454106280193 0.35250666666666663 
0 0.3248470209339775 0.5897333333333332 0.07985507246376812 0.16725333333333334 
1 0.23101851851851854 0.5521466666666667 0.10454911433172305 0.19032000000000002 
0 0.36853462157809985 0.56216 0.05235104669887282 0.12064000000000002 
0 0.4675966183574879 0.53608 0.0345813204508857 0.10677333333333339 
0 0.30686795491143315 0.5412533333333334 0.05346215780998388 0.09941333333333334 
0 0.4038848631239936 0.52572 0.02392109500805156 0.06578666666666663 
1 0.3353140096618357 0.515 0.04045088566827698 0.09842666666666673 
1 0.42068840579710143 0.494 0.016819645732689292 0.07413333333333337 
7 0.45542270531400963 0.4880533333333333 0.024130434782608717 0.09472000000000003 
