0 0.4951288244766506 0.5572666666666667 0.0614975845410628 0.18552 
0 0.022020933977455717 0.6957466666666666 0.04404186795491143 0.34333333333333327 
0 0.12793880837359098 0.7440266666666666 0.25587761674718196 0.5119466666666667 
0 0.20436795491143317 0.5902666666666667 0.11852657004830919 0.18058666666666667 
0 0.33144122383252816 0.5878666666666666 0.09716586151368761 0.21066666666666667 
0 0.3895571658615137 0.5388533333333333 0.04579710144927536 0.1026133333333333 
0 0.41630434782608694 0.5201466666666666 0.035507246376811616 0.08194666666666664 
7 0.43083333333333335 0.45903999999999995 0.044275362318840585 0.15434666666666674 
0 0.195426731078905 0.5566 0.0924959742351047 0.12829333333333337 
0 0.2526409017713365 0.5374133333333333 0.0569887278582931 0.0970666666666666 
1 0.3496859903381643 0.49818666666666667 0.03143317230273749 0.07370666666666663 
0 0.5168478260869565 0.50072 0.01535426731078909 0.04 
