0 0.47823268921095 0.5149733333333334 0.034903381642512096 0.10535999999999998 
0 0.03252012882447665 0.6639333333333333 0.0650402576489533 0.30023999999999995 
0 0.13202495974235104 0.7124133333333332 0.2640499194847021 0.42728 
1 0.20860708534621575 0.5586133333333334 0.11642512077294685 0.21925333333333333 
7 0.3302576489533011 0.5362133333333333 0.09301127214170692 0.28965333333333326 
1 0.3662962962962963 0.5093733333333333 0.08125603864734296 0.24279999999999996 
0 0.27966988727858294 0.55004 0.06227053140096616 0.11437333333333337 
0 0.4071658615136876 0.50688 0.0379710144927536 0.10090666666666667 
0 0.4233816425120773 0.5105599999999999 0.024734299516908236 0.06074666666666667 
1 0.4359178743961352 0.47759999999999997 0.023317230273752043 0.08448000000000001 
0 0.12337761674718198 0.57432 0.1253059581320451 0.16719999999999996 
