0 0.5593840579710145 0.5511733333333333 0.05376006441223831 0.13925333333333334 
0 0.1955636070853462 0.7693333333333333 0.23904991948470208 0.4554133333333333 
0 0.7796376811594202 0.5357333333333333 0.19085346215780996 0.18373333333333336 
0 0.7341425120772948 0.49606666666666666 0.1495410628019323 0.1982133333333333 
7 0.3350442834138486 0.59024 0.04785024154589368 0.08474666666666666 
0 0.3592753623188406 0.5516666666666666 0.051400966183574856 0.12258666666666673 
0 0.27365942028985507 0.6125333333333333 0.09781803542673109 0.18917333333333342 
0 0.6711513687600643 0.5026666666666667 0.10845410628019318 0.12810666666666673 
0 0.39578904991948477 0.5315866666666667 0.03400966183574885 0.08045333333333338 
0 0.8951409017713364 0.4607333333333333 0.10058776167471825 0.10893333333333331 
0 0.8575281803542673 0.4630666666666667 0.09500805152979067 0.0883733333333333 
1 0.9588526570048309 0.4373733333333333 0.08068438003220615 0.15997333333333327 
