0 0.4967471819645733 0.5757466666666666 0.06974235104669887 0.21032 
0 0.21836151368760062 0.6802533333333334 0.18124798711755233 0.32642666666666675 
0 0.16272141706924315 0.6039466666666666 0.14800322061191626 0.22293333333333323 
0 0.3482729468599034 0.57208 0.08380837359098231 0.1692266666666666 
7 0.3959621578099839 0.4589066666666667 0.08404991948470213 0.27055999999999997 
7 0.44578099838969404 0.46185333333333334 0.027987117552334937 0.12514666666666668 
0 0.04026570048309178 0.5984133333333334 0.08053140096618357 0.20312000000000005 
0 0.2252938808373591 0.5414133333333333 0.07211755233494366 0.10565333333333335 
1 0.28301529790660224 0.5045733333333333 0.05506441223832527 0.11282666666666667 
0 0.5432608695652174 0.51268 0.025008051529790618 0.048080000000000005 
