0 0.6163083735909822 0.6137600000000001 0.09569243156199679 0.2250133333333334 
0 0.11189613526570048 0.6175466666666666 0.17878421900161032 0.27765333333333325 
0 0.28335346215781 0.6533599999999999 0.1560305958132045 0.31104 
0 0.38476650563607084 0.5482266666666666 0.06075684380032209 0.14914666666666668 
0 0.5507809983896941 0.5353066666666667 0.04669887278582931 0.11381333333333335 
0 0.4097342995169082 0.5363733333333333 0.0426892109500805 0.1029866666666666 
0 0.3332367149758454 0.53372 0.04727858293075687 0.09341333333333333 
0 0.3695531400966184 0.52024 0.03335748792270532 0.07002666666666664 
0 0.4356682769726247 0.51108 0.021256038647342976 0.05234666666666665 
0 0.48155394524959744 0.5069733333333334 0.020096618357487953 0.06248000000000002 
0 0.5156843800322062 0.50664 0.01872785829307568 0.053919999999999996 
0 0.5055958132045089 0.50056 0.015136876006441279 0.04650666666666666 
1 0.29055152979066023 0.47452 0.03417874396135265 0.06984 
