0 0.05822061191626409 0.6947333333333333 0.11644122383252818 0.37394666666666665 
5 0.9649315619967795 0.5837466666666666 0.039541062801932286 0.53096 
5 0.394609500805153 0.48742666666666673 0.013663446054750379 0.11058666666666667 
3 0.6098510466988727 0.55852 0.03472624798711755 0.31282666666666675 
3 0.5713003220611916 0.5482133333333333 0.04250402576489539 0.3472533333333333 
3 0.6146658615136875 0.5299733333333334 0.02889694041867954 0.27546666666666664 
5 0.27051127214170695 0.5298799999999999 0.032439613526570064 0.20386666666666672 
3 0.9239049919484701 0.42273333333333335 0.014702093397745565 0.12317333333333333 
3 0.9411231884057971 0.42568 0.01474235104669883 0.108 
3 0.9205595813204509 0.4332 0.014452495974235141 0.12010666666666664 
5 0.9767069243156201 0.42993333333333333 0.015990338164251126 0.12818666666666664 
