0 0.9327093397745572 0.5575866666666667 0.10398550724637688 0.13655999999999996 
0 0.8813888888888889 0.5555866666666667 0.09987922705314006 0.13 
0 0.8139210950080515 0.5544399999999999 0.09325281803542668 0.14002666666666663 
0 0.4987962962962963 0.5009466666666668 0.027399355877616726 0.08088000000000004 
5 0.640426731078905 0.63712 0.1280193236714976 0.41381333333333326 
5 0.7857125603864734 0.5952666666666666 0.1513285024154589 0.4328266666666667 
5 0.28818438003220614 0.5629733333333333 0.05021739130434783 0.24157333333333342 
3 0.15513687600644122 0.4611733333333333 0.016876006441223838 0.12666666666666668 
3 0.1585829307568438 0.49564 0.021207729468599036 0.17656000000000002 
3 0.13352254428341384 0.4860933333333334 0.022004830917874404 0.18024 
3 0.7640660225442835 0.67492 0.061191626409017714 0.5491466666666667 
3 0.7808574879227054 0.6426933333333333 0.0577053140096618 0.5090133333333333 
3 0.884001610305958 0.6611733333333333 0.06629629629629623 0.59968 
3 0.9338808373590983 0.6781333333333334 0.10164251207729469 0.6117333333333334 
