0 0.9334098228663447 0.5616933333333333 0.102584541062802 0.13698666666666667 
0 0.8814613526570049 0.55524 0.10087761674718193 0.1300533333333333 
0 0.8137479871175524 0.5550533333333333 0.09337359098228666 0.14013333333333328 
0 0.49889694041867955 0.5003733333333333 0.027520128824476704 0.08085333333333339 
3 0.9248027375201289 0.6694 0.06628824476650558 0.5197600000000001 
3 0.9321900161030597 0.6692400000000001 0.0444927536231884 0.4432266666666666 
3 0.5911714975845411 0.6031333333333333 0.053405797101449215 0.3785333333333333 
3 0.22013687600644125 0.51668 0.017713365539452495 0.20071999999999995 
3 0.269134460547504 0.5130933333333333 0.0238888888888889 0.19429333333333337 
3 0.27947262479871177 0.5256133333333334 0.015032206119162653 0.20295999999999997 
3 0.3062600644122383 0.5503866666666666 0.030330112721417037 0.2596 
3 0.34743961352657005 0.5446666666666666 0.031674718196457306 0.22896000000000002 
3 0.20773349436392916 0.5317733333333334 0.028446054750402586 0.2362933333333333 
3 0.24363929146537844 0.5346133333333334 0.027648953301127193 0.22927999999999998 
3 0.26986714975845405 0.5415333333333333 0.0238888888888889 0.20504000000000003 
3 0.24165056360708534 0.52676 0.03523349436392914 0.2063733333333333 
