0 0.8266545893719807 0.7337066666666666 0.3450805152979066 0.5272533333333334 
0 0.12019323671497585 0.7666933333333333 0.2403864734299517 0.46127999999999997 
0 0.26433574879227056 0.6247333333333333 0.15061996779388082 0.33527999999999997 
0 0.6188083735909823 0.5803733333333333 0.10194847020933978 0.24074666666666658 
0 0.3461352657004831 0.5726533333333333 0.0855716586151369 0.21176 
0 0.5821417069243157 0.5375333333333333 0.07212560386473424 0.1553866666666667 
1 0.5562198067632851 0.46986666666666665 0.06453301127214169 0.2178666666666667 
0 0.514440418679549 0.48996000000000006 0.02227858293075681 0.058799999999999956 
0 0.42536634460547507 0.49757333333333337 0.023325281803542604 0.052053333333333285 
0 0.5008454106280192 0.4840666666666667 0.026698872785829282 0.05981333333333335 
0 0.4787761674718197 0.4857733333333334 0.020418679549114343 0.04322666666666669 
