3 0.8969605475040259 0.6592 0.16921900161030584 0.6496 
3 0.864001610305958 0.68364 0.1613687600644122 0.60072 
3 0.5111191626409017 0.6709866666666667 0.0759742351046699 0.60432 
3 0.42835346215780995 0.6585333333333333 0.08915458937198069 0.6509333333333334 
3 0.5564291465378423 0.6670933333333332 0.07801127214170692 0.51664 
3 0.4508333333333333 0.4875333333333333 0.021698872785829253 0.20082666666666668 
3 0.43218599033816424 0.49949333333333334 0.015450885668277016 0.1876266666666667 
3 0.4507850241545894 0.463 0.018913043478260876 0.16354666666666662 
3 0.48644122383252814 0.46568 0.016731078904991925 0.15322666666666668 
5 0.2755475040257649 0.45448 0.0450563607085346 0.15573333333333333 
5 0.42664653784219 0.4377866666666667 0.025660225442834143 0.10986666666666671 
