0 0.6226650563607085 0.6070533333333333 0.11607085346215779 0.26957333333333333 
0 0.13587761674718196 0.5996400000000001 0.1751368760064412 0.20642666666666665 
0 0.8397946859903382 0.7488 0.3188003220611917 0.49706666666666666 
0 0.5818760064412238 0.5513333333333333 0.06568438003220615 0.17471999999999996 
0 0.35676731078904994 0.5749333333333333 0.07297101449275362 0.1634666666666667 
0 0.38684782608695656 0.5400533333333334 0.053341384863124036 0.1448533333333333 
0 0.5503301127214171 0.5260933333333333 0.04323671497584545 0.11570666666666662 
0 0.9671497584541063 0.7839733333333334 0.06409017713365532 0.42672000000000004 
0 0.412463768115942 0.5290666666666667 0.0399838969404187 0.11370666666666664 
1 0.534621578099839 0.4669066666666667 0.04069243156199675 0.14234666666666665 
0 0.4406038647342995 0.49666666666666665 0.01924315619967792 0.04101333333333332 
