0 0.4935829307568438 0.5488266666666667 0.057246376811594224 0.1726933333333333 
0 0.04371980676328502 0.6807866666666668 0.08743961352657004 0.33847999999999995 
0 0.1728864734299517 0.60584 0.13438808373590982 0.21856000000000003 
0 0.2986674718196457 0.6257333333333333 0.14078099838969407 0.3063466666666666 
0 0.2846618357487922 0.5502266666666666 0.07088566827697264 0.1225333333333333 
0 0.37856682769726246 0.5434266666666666 0.058550724637681184 0.1374666666666667 
0 0.40586956521739126 0.5220133333333333 0.034347826086956496 0.07981333333333335 
0 0.4251207729468599 0.5132933333333334 0.028003220611916242 0.06679999999999996 
7 0.43447665056360707 0.4625066666666667 0.036924315619967715 0.132 
0 0.254975845410628 0.54072 0.0640257648953301 0.09904000000000004 
