3 0.2768236714975845 0.4760666666666666 0.01453301127214167 0.10375999999999999 
3 0.35782608695652174 0.47821333333333327 0.01288244766505636 0.07786666666666671 
3 0.2703059581320451 0.4566266666666667 0.006570048309178764 0.08418666666666673 
0 0.8173107890499195 0.5466666666666666 0.0871980676328502 0.1285333333333333 
0 0.8814533011272141 0.5500133333333334 0.09741545893719808 0.12306666666666669 
0 0.9342471819645733 0.55172 0.10090982286634455 0.12461333333333331 
3 0.2904549114331723 0.45658666666666664 0.008365539452495963 0.08949333333333334 
3 0.2613325281803543 0.53636 0.021392914653784213 0.19720000000000004 
3 0.3235990338164251 0.53724 0.029307568438003247 0.22418666666666665 
5 0.4558937198067633 0.5093333333333333 0.02075684380032204 0.15887999999999997 
0 0.4989492753623188 0.49545333333333336 0.02905797101449278 0.07522666666666669 
3 0.23914251207729467 0.47281333333333336 0.013856682769726231 0.11624000000000001 
3 0.18181561996779388 0.4672133333333333 0.008317230273752 0.11704000000000003 
3 0.7565539452495974 0.5057600000000001 0.008438003220611931 0.09792 
