0 0.6262721417069242 0.62232 0.10260869565217387 0.24581333333333327 
0 0.16332528180354267 0.5961733333333333 0.1434621578099839 0.23570666666666662 
0 0.28861111111111115 0.6486266666666667 0.15171497584541063 0.30344 
0 0.3884138486312399 0.5475466666666666 0.05776167471819642 0.14474666666666666 
0 0.5561755233494364 0.5402133333333333 0.049355877616747146 0.12352000000000006 
0 0.4105032206119163 0.5316 0.04252012882447665 0.10048000000000001 
0 0.3365539452495974 0.53168 0.046264090177133683 0.09167999999999998 
0 0.36995169082125606 0.51412 0.03135265700483092 0.0684533333333333 
0 0.4362198067632851 0.5081066666666667 0.021280193236714935 0.051786666666666634 
0 0.48246779388083727 0.5057466666666667 0.021199677938808406 0.06589333333333328 
0 0.5229710144927536 0.5079333333333333 0.021706924315619998 0.05917333333333333 
0 0.5081682769726248 0.49938666666666665 0.015982286634460566 0.04992 
