0 0.47818840579710153 0.5195733333333332 0.03552334943639292 0.10725333333333333 
0 0.09686392914653785 0.7544533333333334 0.1937278582930757 0.4910933333333333 
1 0.1499074074074074 0.5845733333333334 0.15582125603864733 0.27085333333333333 
7 0.2996014492753623 0.5512800000000001 0.11698067632850243 0.35178666666666664 
1 0.34890499194847024 0.51684 0.09727858293075684 0.28216 
0 0.25013285024154586 0.5656133333333333 0.07582125603864735 0.13282666666666668 
0 0.4015982286634461 0.5120666666666666 0.04174718196457329 0.10941333333333333 
0 0.42073671497584536 0.5146933333333333 0.026368760064412192 0.06442666666666666 
1 0.4341384863123994 0.47734666666666664 0.024621578099839003 0.08850666666666666 
0 0.07378824476650564 0.5927866666666667 0.14757648953301128 0.19597333333333336 
