0 0.4935426731078905 0.57424 0.07080515297906606 0.21354666666666663 
0 0.3029106280193237 0.6070266666666666 0.10548309178743966 0.20882666666666674 
0 0.23263687600644123 0.57208 0.10235909822866344 0.16949333333333333 
0 0.3763647342995169 0.5494533333333333 0.06258454106280195 0.13208 
7 0.4085909822866345 0.46001333333333333 0.06798711755233498 0.22583999999999999 
7 0.4472584541062802 0.4585333333333333 0.02570853462157815 0.1151466666666666 
0 0.015994363929146535 0.60648 0.03198872785829307 0.21002666666666664 
0 0.1005877616747182 0.5730933333333333 0.12215780998389694 0.1646933333333333 
1 0.30741143317230274 0.5022 0.046127214170692404 0.09890666666666667 
0 0.5230958132045088 0.5091866666666667 0.024436392914653802 0.05010666666666665 
0 0.5641626409017714 0.5080666666666667 0.017922705314009746 0.03848000000000002 
