0 0.508438003220612 0.5172 0.0191626409017713 0.05327999999999997 
0 0.20685990338164248 0.6931466666666667 0.20186795491143314 0.3917866666666666 
0 0.029995974235104673 0.6690799999999999 0.05999194847020935 0.3089866666666666 
1 0.1300805152979066 0.5870266666666667 0.14460547504025767 0.2764533333333334 
0 0.7316425120772947 0.7259733333333334 0.23756843800322067 0.4821333333333333 
0 0.3529186795491143 0.57684 0.07087761674718195 0.15021333333333328 
1 0.2596578099838969 0.54304 0.0946135265700483 0.17818666666666672 
0 0.38960144927536233 0.5496933333333333 0.04728663446054752 0.10984 
0 0.48128019323671495 0.5342800000000001 0.033140096618357553 0.1033866666666667 
0 0.3276972624798712 0.5382800000000001 0.04985507246376808 0.09474666666666667 
0 0.4206159420289855 0.52204 0.021714975845410604 0.06226666666666665 
1 0.3516545893719807 0.5123333333333333 0.03921900161030599 0.09496000000000003 
1 0.43525764895330116 0.49329333333333336 0.016280193236714997 0.07197333333333328 
7 0.4694323671497585 0.4834666666666667 0.024082125603864708 0.09306666666666669 
