0 0.4535426731078905 0.53516 0.042834138486312345 0.12930666666666668 
0 0.33839774557165864 0.5967733333333333 0.09500805152979067 0.2351466666666667 
0 0.03295893719806763 0.6869866666666666 0.06591787439613526 0.33365333333333336 
0 0.21428341384863123 0.5814666666666667 0.10341384863123995 0.17242666666666664 
1 0.0943719806763285 0.5470933333333333 0.13962962962962963 0.2199466666666667 
0 0.3621980676328503 0.5547066666666667 0.04971014492753624 0.1248266666666666 
0 0.2897302737520129 0.5464666666666667 0.056739130434782584 0.10952000000000006 
0 0.215805152979066 0.5392800000000001 0.05819645732689213 0.09440000000000001 
1 0.34306763285024156 0.4954666666666667 0.03719806763285023 0.12314666666666661 
7 0.39183977455716584 0.48433333333333334 0.038301127214170685 0.13848000000000002 
2 0.4073550724637681 0.46581333333333336 0.0208132045088567 0.10949333333333335 
