3 0.6404106280193237 0.6702 0.04964573268921101 0.42568 
3 0.29421095008051534 0.6572666666666666 0.04508856682769726 0.3776266666666666 
3 0.2197584541062802 0.65532 0.03542673107890499 0.35890666666666676 
3 0.8185104669887278 0.63464 0.05233494363929137 0.4081066666666667 
3 0.7673429951690821 0.6284266666666667 0.05045088566827695 0.40026666666666655 
3 0.5331723027375201 0.5620933333333334 0.027375201288244767 0.20642666666666665 
3 0.6381159420289855 0.6555866666666667 0.04953301127214169 0.36210666666666674 
3 0.5940418679549114 0.6342666666666666 0.033011272141706925 0.31018666666666667 
3 0.576364734299517 0.6240266666666666 0.023888888888888855 0.2764266666666666 
3 0.6421135265700483 0.58948 0.04638486312399348 0.2685600000000001 
3 0.6511996779388084 0.5532933333333334 0.03710144927536235 0.21869333333333338 
0 0.45956119162640907 0.5405333333333333 0.04095813204508857 0.10592 
