0 0.4778019323671498 0.5135733333333333 0.033043478260869626 0.0997866666666667 
0 0.18708132045088566 0.7174933333333333 0.22768921095008055 0.38671999999999995 
0 0.181670692431562 0.5868 0.12052334943639294 0.18784 
0 0.3068719806763285 0.5804533333333333 0.09844605475040256 0.19333333333333333 
1 0.304597423510467 0.52664 0.06299516908212562 0.13973333333333335 
7 0.38099436392914654 0.5119866666666667 0.056626409017713396 0.1884533333333334 
1 0.3982648953301127 0.49648000000000003 0.05358293075684376 0.17066666666666666 
0 0.3344766505636071 0.5309733333333334 0.039645732689210955 0.08167999999999999 
0 0.42074879227053147 0.5021333333333333 0.02942028985507248 0.08143999999999998 
1 0.4404227053140097 0.4782666666666667 0.020072463768115993 0.07434666666666666 
0 0.2276086956521739 0.5416 0.07365539452495976 0.11450666666666666 
