3 0.5838285024154589 0.6189733333333334 0.052600644122383196 0.41677333333333333 
3 0.6405193236714977 0.5958 0.052069243156199645 0.41869333333333336 
3 0.1851489533011272 0.59688 0.03891304347826088 0.3101866666666667 
3 0.5002697262479872 0.53016 0.020668276972624765 0.19898666666666667 
3 0.6018478260869565 0.5575733333333334 0.0327455716586152 0.2994133333333334 
3 0.9302979066022545 0.6328933333333333 0.0861513687600644 0.57816 
3 0.9522423510466989 0.58064 0.05501610305958126 0.45509333333333335 
3 0.24512882447665055 0.6188533333333334 0.05152979066022544 0.34864 
7 0.21957729468599035 0.7110933333333332 0.07047504025764897 0.24623999999999993 
3 0.19442028985507248 0.6256933333333333 0.03462157809983899 0.3675466666666667 
3 0.838486312399356 0.5568666666666666 0.04320450885668274 0.39709333333333324 
0 0.43434782608695655 0.49393333333333334 0.04252818035426735 0.14045333333333337 
0 0.3434219001610306 0.50516 0.08072463768115946 0.21517333333333333 
1 0.3751529790660225 0.49609333333333333 0.04995169082125601 0.15928000000000006 
