3 0.8298550724637682 0.6505733333333333 0.0748792270531402 0.6177333333333335 
3 0.519291465378422 0.6250666666666667 0.043478260869565216 0.38687999999999995 
3 0.2734339774557166 0.68368 0.06575684380032207 0.5488533333333334 
3 0.7863687600644123 0.65356 0.08668276972624796 0.6822133333333333 
5 0.3542028985507246 0.6809866666666666 0.07420289855072466 0.4572266666666668 
4 0.3130193236714976 0.66784 0.05293075684380033 0.25882666666666676 
3 0.4047584541062802 0.5193599999999999 0.012351046698872766 0.14842666666666665 
3 0.39060386473429953 0.52704 0.013156199677938834 0.13946666666666663 
3 0.45702898550724635 0.5274666666666668 0.015297906602254429 0.16192 
3 0.4784782608695652 0.52804 0.009259259259259259 0.15511999999999998 
3 0.42342995169082126 0.5253599999999999 0.016908212560386472 0.15301333333333333 
