0 0.9330152979066021 0.5593866666666666 0.10337359098228671 0.13674666666666668 
0 0.8814210950080514 0.5554399999999999 0.10031400966183568 0.13002666666666665 
0 0.8138446054750403 0.5547066666666667 0.09330917874396134 0.14008 
0 0.4988405797101449 0.5006933333333333 0.027455716586151386 0.08085333333333332 
5 0.3864734299516908 0.50988 0.02325281803542673 0.12365333333333327 
3 0.1576449275362319 0.46358666666666665 0.010974235104669907 0.12648 
3 0.1851731078904992 0.4999733333333334 0.021747181964573283 0.18421333333333337 
5 0.6172987117552334 0.5405599999999999 0.06245571658615141 0.3083733333333333 
3 0.21585346215781 0.4799333333333333 0.015619967793880864 0.13330666666666668 
3 0.19042673107890498 0.47402666666666665 0.01571658615136877 0.1351466666666667 
3 0.40400966183574877 0.5815733333333334 0.03594202898550728 0.31541333333333343 
3 0.43799919484702093 0.5601333333333334 0.06139291465378422 0.3001599999999999 
3 0.47954911433172304 0.5775733333333334 0.04603864734299522 0.3377066666666667 
3 0.7394967793880837 0.6404533333333333 0.06614331723027374 0.5005333333333333 
3 0.7459983896940419 0.62668 0.06428341384863126 0.4431733333333334 
3 0.5565056360708535 0.6507333333333334 0.061272141706924334 0.47074666666666676 
3 0.5673389694041868 0.6272533333333333 0.042842190016103086 0.4408 
3 0.6121376811594202 0.61768 0.05033011272141706 0.37984000000000007 
3 0.4387157809983897 0.5974933333333333 0.04000805152979071 0.36511999999999994 
