0 0.4894363929146538 0.52432 0.04114331723027368 0.10912000000000004 
0 0.07616747181964573 0.7314666666666667 0.15233494363929145 0.5317333333333334 
0 0.2459903381642512 0.59484 0.13317230273752015 0.20584000000000008 
0 0.3934621578099839 0.6064666666666666 0.08826086956521739 0.2068533333333333 
0 0.42301529790660225 0.5621866666666666 0.06433977455716589 0.15856000000000003 
0 0.3486070853462158 0.5235599999999999 0.09400966183574883 0.12978666666666663 
0 0.824524959742351 0.7632 0.34933977455716586 0.46826666666666666 
2 0.6371095008051529 0.44127999999999995 0.16594202898550728 0.5494399999999999 
3 0.7520289855072464 0.6057866666666666 0.039452495974235106 0.35119999999999996 
0 0.543256843800322 0.5172533333333333 0.03915458937198067 0.10255999999999994 
2 0.5196658615136875 0.44897333333333334 0.03464573268921102 0.15042666666666665 
0 0.24336151368760064 0.5141333333333333 0.05622383252818039 0.08367999999999999 
0 0.4776167471819646 0.50876 0.02743961352657008 0.08296000000000003 
0 0.0725 0.54556 0.11681964573268921 0.1465333333333333 
