0 0.4709661835748793 0.519 0.03157809983896934 0.09538666666666662 
0 0.19980273752012884 0.7421333333333333 0.22218196457326891 0.42869333333333337 
0 0.028848631239935585 0.69276 0.05769726247987117 0.33576 
0 0.125024154589372 0.6206266666666667 0.15663446054750405 0.23533333333333334 
1 0.2772222222222222 0.5101866666666667 0.1041867954911433 0.2593066666666667 
0 0.12286231884057972 0.5741333333333334 0.11675523349436392 0.15546666666666661 
0 0.3218196457326892 0.5365866666666667 0.05183574879227053 0.10298666666666668 
7 0.4167512077294686 0.4987866666666667 0.03793075684380029 0.12434666666666673 
7 0.3862117552334944 0.50116 0.07029790660225448 0.22834666666666664 
2 0.4348268921095009 0.45878666666666673 0.028140096618357435 0.13586666666666672 
0 0.2292632850241546 0.5350933333333333 0.06256843800322064 0.10864000000000003 
