0 0.15422705314009663 0.7444400000000001 0.30845410628019326 0.47912 
3 0.5681280193236715 0.5501733333333333 0.053405797101449215 0.29735999999999996 
5 0.8990177133655394 0.44536 0.049291465378421925 0.13311999999999996 
3 0.3539653784219002 0.5748133333333334 0.0638244766505636 0.3109066666666668 
3 0.3542995169082126 0.5776000000000001 0.04830917874396135 0.34736000000000006 
5 0.7761111111111112 0.4776933333333333 0.026247987117552354 0.16434666666666664 
3 0.09790257648953302 0.5839733333333332 0.026030595813204497 0.23087999999999995 
3 0.08716988727858294 0.5981066666666667 0.028719806763285016 0.22517333333333334 
5 0.33929951690821253 0.5743066666666667 0.08747181964573272 0.27885333333333323 
3 0.0584500805152979 0.58576 0.03435587761674719 0.29119999999999996 
0 0.9619967793880837 0.4658933333333334 0.045410628019323745 0.11632 
0 0.3787359098228663 0.48119999999999996 0.025716586151368757 0.0624533333333333 
