3 0.4673027375201288 0.5293466666666666 0.019710144927536248 0.14119999999999996 
6 0.32623188405797104 0.45521333333333336 0.1254911433172303 0.2288266666666667 
6 0.41103864734299517 0.4436266666666667 0.06239935587761675 0.21024 
6 0.5272423510466989 0.4281466666666667 0.1944041867954911 0.20488 
4 0.9893276972624798 0.81696 0.013293075684380025 0.35541333333333336 
4 0.9186151368760065 0.7872133333333333 0.11821256038647338 0.4149066666666667 
4 0.6770692431561998 0.6966133333333334 0.0651368760064412 0.30687999999999993 
4 0.7153220611916264 0.68864 0.06505636070853468 0.30560000000000004 
4 0.648450080515298 0.6775066666666667 0.05976650563607087 0.25367999999999996 
4 0.6882568438003221 0.6598133333333334 0.04406602254428334 0.26954666666666677 
