3 0.7378260869565217 0.6901866666666666 0.07246376811594203 0.6089600000000001 
3 0.057934782608695654 0.67376 0.11586956521739131 0.6418133333333333 
3 0.4806481481481481 0.51712 0.026304347826086923 0.24992 
3 0.7004710144927536 0.67184 0.041602254428341444 0.5033066666666667 
3 0.6201328502415459 0.6235066666666667 0.04240740740740737 0.41858666666666666 
3 0.5908212560386473 0.5924266666666668 0.032479871175523374 0.3510933333333333 
3 0.6805314009661836 0.55564 0.06486312399355873 0.33528 
3 0.6474476650563608 0.6006400000000001 0.04133655394524953 0.3446933333333333 
3 0.6511634460547504 0.51672 0.028446054750402516 0.2624533333333333 
0 0.4510386473429952 0.48419999999999996 0.049903381642512 0.12663999999999995 
