3 0.5340136876006442 0.4642933333333334 0.019331723027375194 0.15136000000000005 
3 0.22338566827697262 0.5335866666666665 0.03459742351046699 0.3226399999999999 
3 0.7429710144927536 0.67376 0.07141706924315623 0.62048 
3 0.6748429951690821 0.686 0.07691626409017711 0.596 
3 0.9150563607085346 0.6792666666666667 0.1392914653784219 0.6094666666666667 
3 0.9459057971014493 0.6900933333333332 0.0775925925925925 0.5878133333333333 
3 0.6665177133655394 0.5096266666666667 0.029106280193236696 0.20208 
3 0.45670289855072455 0.68716 0.05564412238325283 0.5818399999999999 
3 0.4855193236714976 0.6532 0.040314009661835695 0.456 
3 0.5267793880837359 0.6304533333333334 0.046795491143317235 0.5034666666666666 
3 0.567902576489533 0.6515466666666666 0.0406843800322061 0.40224 
3 0.5982286634460547 0.60632 0.04884057971014499 0.44042666666666663 
3 0.6543558776167472 0.6305466666666666 0.05144927536231882 0.42162666666666665 
3 0.43366747181964577 0.5235733333333332 0.028977455716586158 0.28959999999999997 
3 0.4890217391304348 0.5281466666666667 0.04131239935587757 0.27016 
3 0.5199355877616747 0.5135066666666667 0.04465378421900164 0.2916533333333333 
3 0.5683574879227054 0.5155333333333333 0.045603864734299504 0.27634666666666663 
1 0.10761674718196457 0.492 0.21523349436392913 0.984 
