3 0.683196457326892 0.68816 0.04911433172302738 0.5170666666666666 
3 0.23540257648953303 0.69856 0.07648953301127215 0.5369066666666666 
3 0.12015297906602254 0.6843733333333333 0.05475040257648952 0.49434666666666666 
3 0.9546014492753623 0.70016 0.08274557165861512 0.5890133333333333 
3 0.9223711755233495 0.6883466666666667 0.07917069243156194 0.6126400000000001 
3 0.5138003220611916 0.5356533333333333 0.023349436392914653 0.22277333333333332 
3 0.6594363929146537 0.6574800000000001 0.05901771336553942 0.41629333333333335 
3 0.6102173913043478 0.6222266666666667 0.03140096618357488 0.35186666666666666 
3 0.5883252818035427 0.59872 0.028711755233494337 0.30448000000000003 
3 0.6490177133655394 0.56948 0.05264090177133655 0.2928800000000001 
3 0.612572463768116 0.6085066666666666 0.0316666666666667 0.2970666666666666 
3 0.6599194847020934 0.5339333333333334 0.04074074074074067 0.23757333333333333 
0 0.4574637681159421 0.5060133333333333 0.04444444444444439 0.1137866666666667 
