3 0.5493075684380032 0.46786666666666665 0.013961352657004765 0.1533866666666667 
3 0.23707729468599034 0.5283866666666667 0.027375201288244767 0.3219999999999999 
3 0.6576811594202899 0.6305866666666666 0.04830917874396135 0.5041066666666667 
3 0.6581763285024154 0.5748266666666667 0.052600644122383286 0.42768 
3 0.6062359098228663 0.6120266666666667 0.0906682769726248 0.48512000000000005 
3 0.5991988727858293 0.6460266666666666 0.056626409017713396 0.5276266666666666 
3 0.45588164251207725 0.49158666666666667 0.02791465378421897 0.22834666666666664 
3 0.48638083735909826 0.48212000000000005 0.02791465378421897 0.2386933333333334 
3 0.45468196457326887 0.47803999999999996 0.024694041867954878 0.20541333333333334 
3 0.42200080515297905 0.48808 0.02442028985507245 0.21418666666666664 
3 0.46729066022544286 0.47387999999999997 0.013421900161030655 0.1717066666666667 
3 0.3592512077294686 0.48505333333333334 0.020128824476650563 0.21533333333333332 
3 0.3764774557165862 0.48634666666666665 0.01797906602254427 0.18634666666666666 
3 0.39760869565217394 0.4709333333333333 0.01743961352657007 0.20912000000000006 
1 0.10776570048309178 0.492 0.21553140096618356 0.984 
