3 0.5285466988727858 0.5778 0.0254991948470209 0.2644 
3 0.3611392914653784 0.5561466666666667 0.025499194847020946 0.19 
3 0.3405354267310789 0.5528133333333334 0.01664251207729465 0.1783733333333333 
4 0.11446054750402576 0.8344400000000001 0.15399355877616747 0.3204533333333333 
3 0.6074033816425121 0.5284666666666668 0.015563607085346157 0.17101333333333332 
3 0.5068357487922706 0.53564 0.021465378421900227 0.1708533333333333 
3 0.5618719806763285 0.5814533333333334 0.024420289855072497 0.25447999999999993 
3 0.5832407407407407 0.5374133333333333 0.022278582930756904 0.2046933333333333 
3 0.6104186795491144 0.5204 0.028695652173913032 0.17551999999999998 
0 0.44603059581320453 0.51848 0.03310789049919485 0.08288000000000004 
3 0.13484702093397744 0.62312 0.039452495974235106 0.29408 
4 0.17704508856682769 0.7334266666666666 0.08314009661835749 0.33591999999999994 
