3 0.5397705314009662 0.46540000000000004 0.016014492753623176 0.15287999999999996 
3 0.23953301127214172 0.5316933333333334 0.03127214170692434 0.3233866666666666 
3 0.8911674718196457 0.7366266666666667 0.17024154589371976 0.49474666666666667 
3 0.9200442834138488 0.7249200000000001 0.1293156199677938 0.51816 
3 0.48072061191626414 0.4804666666666667 0.019009661835748804 0.1666933333333334 
3 0.5480394524959742 0.5607466666666666 0.03730273752012886 0.3676266666666666 
3 0.5399557165861514 0.5262133333333333 0.04852657004830917 0.3196266666666666 
3 0.49706119162640905 0.5621333333333334 0.03661835748792272 0.3631466666666666 
3 0.49057165861513685 0.5590666666666667 0.037648953301127205 0.37546666666666667 
3 0.4358454106280193 0.47314666666666666 0.025088566827697237 0.1906133333333333 
3 0.4540177133655394 0.4686666666666667 0.02115942028985505 0.20005333333333328 
3 0.4267351046698873 0.4704933333333333 0.020008051529790585 0.17960000000000007 
3 0.4031803542673108 0.4787866666666667 0.02024154589371984 0.19031999999999993 
3 0.3360185185185185 0.4756266666666667 0.020636070853462155 0.18992 
3 0.3613969404186796 0.4802133333333334 0.017431561996779414 0.16682666666666668 
3 0.38511272141706926 0.46852 0.01858293075684383 0.1884 
1 0.10779790660225443 0.492 0.21559581320450885 0.984 
