3 0.5510547504025765 0.46574666666666664 0.018115942028985508 0.1509066666666666 
3 0.22326086956521737 0.5240800000000001 0.02872785829307569 0.3237333333333334 
3 0.6712560386473431 0.68696 0.07723027375201284 0.59408 
3 0.7474798711755234 0.6707466666666667 0.07429951690821254 0.6265066666666667 
3 0.5749758454106281 0.5701866666666666 0.045603864734299594 0.3824533333333332 
3 0.5409178743961353 0.5619066666666666 0.05156199677938814 0.36733333333333323 
3 0.6414130434782609 0.55572 0.03659420289855076 0.36504 
3 0.6874838969404187 0.5612666666666667 0.06693236714975845 0.3470133333333334 
3 0.8464251207729468 0.5684533333333334 0.029049919484702036 0.20661333333333332 
3 0.41064814814814815 0.56116 0.035611916264090146 0.36344 
3 0.4241908212560387 0.56176 0.024098228663446016 0.30784 
3 0.4561191626409018 0.5386 0.031723027375201364 0.33991999999999994 
3 0.49355877616747185 0.5619733333333333 0.025909822866344658 0.27797333333333335 
3 0.4961030595813205 0.5258266666666667 0.030950080515297858 0.29650666666666664 
3 0.38504428341384866 0.49448000000000003 0.0253220611916264 0.22592 
3 0.44843800322061195 0.4951066666666667 0.02903381642512082 0.20743999999999999 
3 0.4777536231884058 0.49228 0.020209339774557092 0.22381333333333336 
3 0.5146658615136877 0.4837733333333334 0.022101449275362357 0.21304000000000003 
1 0.10766505636070853 0.492 0.21533011272141706 0.984 
