0 0.46910225442834136 0.51988 0.03195652173913048 0.09650666666666666 
0 0.23526972624798712 0.7042533333333334 0.18276167471819643 0.3643466666666667 
0 0.05918276972624798 0.6873999999999999 0.11836553945249596 0.3404533333333334 
0 0.014255233494363927 0.6032533333333334 0.028510466988727855 0.18666666666666673 
0 0.16192028985507248 0.6014933333333333 0.13103864734299517 0.20639999999999994 
1 0.2893599033816425 0.5079733333333334 0.0935668276972625 0.23962666666666663 
0 0.14730676328502418 0.5670533333333333 0.10401771336553946 0.14327999999999996 
0 0.3283011272141707 0.5335333333333333 0.048099838969404195 0.09725333333333333 
7 0.4168075684380032 0.49853333333333333 0.03680354267310788 0.12074666666666667 
7 0.3886795491143317 0.49926666666666664 0.06607085346215781 0.21687999999999996 
2 0.4338768115942029 0.45944000000000007 0.027302737520128892 0.13295999999999997 
0 0.2407045088566828 0.5320666666666667 0.05772141706924316 0.10248000000000002 
