0 0.4808333333333333 0.5301333333333333 0.039637681159420214 0.11968 
1 0.09408615136876007 0.5570133333333334 0.18817230273752014 0.8859733333333334 
0 0.204975845410628 0.5904400000000001 0.10830917874396134 0.18477333333333332 
0 0.33461755233494367 0.56348 0.09392109500805156 0.21389333333333335 
0 0.3178502415458937 0.53588 0.056618357487922696 0.10466666666666667 
0 0.39266908212560386 0.5329466666666667 0.04298711755233493 0.09730666666666661 
1 0.4196658615136876 0.4898533333333333 0.036320450885668244 0.12306666666666669 
0 0.43651368760064413 0.50264 0.02128824476650568 0.06079999999999995 
0 0.2481682769726248 0.5354933333333334 0.05999194847020933 0.1036266666666667 
7 0.07924718196457327 0.6018666666666667 0.15849436392914654 0.49520000000000003 
