3 0.4894243156199678 0.54496 0.012246376811594233 0.14789333333333335 
3 0.5089452495974235 0.53444 0.021078904991948522 0.15597333333333335 
3 0.1527818035426731 0.7294533333333334 0.09227858293075686 0.5304266666666667 
3 0.21030595813204508 0.6327733333333333 0.037020933977455706 0.27349333333333337 
0 0.07038647342995169 0.7024666666666667 0.14077294685990338 0.5844 
3 0.22545088566827698 0.6456666666666667 0.03433172302737519 0.3214133333333333 
3 0.6507326892109501 0.6062666666666666 0.0484541062801932 0.3901866666666666 
3 0.8770692431561998 0.631 0.0995330112721418 0.54968 
3 0.2895128824476651 0.5831066666666668 0.020764895330112738 0.1792266666666667 
3 0.4195370370370371 0.5479866666666667 0.01338969404186795 0.14829333333333336 
0 0.33513285024154593 0.5694666666666667 0.09796296296296297 0.25349333333333324 
1 0.37930756843800323 0.5419466666666667 0.056489533011272165 0.1778666666666667 
