3 0.8078743961352657 0.6939333333333334 0.180901771336554 0.6014666666666667 
3 0.35194444444444445 0.5625066666666667 0.03401771336553945 0.28336 
3 0.7510628019323671 0.7151466666666667 0.06144927536231888 0.55904 
3 0.6234621578099838 0.6795066666666667 0.04800322061191627 0.4998133333333333 
3 0.47554347826086957 0.6396266666666667 0.05404991948470218 0.4053333333333333 
3 0.6553985507246377 0.6126666666666667 0.07973429951690819 0.39365333333333336 
3 0.5510466988727859 0.5866533333333334 0.038341384863123995 0.32103999999999994 
3 0.6319444444444444 0.6764666666666667 0.05773752012882451 0.42877333333333334 
3 0.5888123993558777 0.5683333333333334 0.03719001610305953 0.2985866666666667 
3 0.61408615136876 0.6132133333333334 0.067818035426731 0.36744000000000004 
0 0.4270330112721417 0.54136 0.06657809983896945 0.16746666666666662 
