3 0.4736070853462158 0.5160133333333333 0.01418679549114332 0.1428533333333333 
3 0.4920933977455717 0.5103066666666667 0.01463768115942025 0.14856000000000003 
3 0.3144243156199678 0.6440666666666667 0.048639291465378445 0.44040000000000007 
3 0.963925120772947 0.6015466666666667 0.05308373590982292 0.47658666666666666 
3 0.3307407407407407 0.5581733333333333 0.03231884057971018 0.21490666666666666 
3 0.31600644122383253 0.62096 0.04800322061191627 0.30117333333333335 
0 0.15778985507246376 0.65396 0.3155797101449275 0.6814133333333333 
3 0.6695933977455717 0.5630133333333334 0.045386473429951696 0.34789333333333333 
3 0.8799879227053141 0.5667733333333334 0.061892109500805245 0.4259733333333334 
3 0.4040942028985507 0.5063466666666666 0.012101449275362297 0.1276266666666667 
0 0.33850241545893717 0.5241866666666667 0.08165861513687601 0.21818666666666664 
1 0.372572463768116 0.5033066666666667 0.04965378421900162 0.15983999999999998 
