3 0.5223268921095008 0.4635333333333333 0.01932367149758454 0.1524533333333333 
3 0.21385265700483094 0.5313866666666666 0.034887278582930746 0.3195733333333333 
3 0.4932367149758453 0.46489333333333327 0.024685990338164227 0.1875466666666667 
3 0.800877616747182 0.6451333333333333 0.2885829307568439 0.6777333333333333 
3 0.6968156199677938 0.7199466666666667 0.17268115942028978 0.5281066666666666 
3 0.7252737520128825 0.6609866666666667 0.16149758454106283 0.6460266666666666 
3 0.7992028985507246 0.7449066666666667 0.14684380032206118 0.47818666666666665 
3 0.8370450885668278 0.6867066666666666 0.16671497584541067 0.5945866666666667 
3 0.9194806763285023 0.70796 0.1304428341384863 0.55208 
3 0.4330877616747182 0.7103866666666666 0.0743397745571658 0.5472266666666666 
3 0.4822705314009662 0.6032 0.04964573268921092 0.44432 
3 0.577793880837359 0.6128133333333333 0.04589371980676329 0.40434666666666663 
3 0.6187037037037036 0.5865199999999999 0.04750402576489533 0.43250666666666676 
3 0.6788687600644122 0.5641466666666667 0.06897745571658612 0.40573333333333333 
1 0.10756441223832527 0.492 0.21512882447665055 0.984 
