5 0.9745772946859903 0.6237333333333334 0.02024959742351054 0.32176000000000005 
3 0.12851046698872787 0.6272399999999999 0.042141706924315625 0.3916 
3 0.06815217391304347 0.6234000000000001 0.055821256038647356 0.4604533333333334 
3 0.25059581320450885 0.6765466666666666 0.07407407407407407 0.5428533333333334 
5 0.7590942028985507 0.6251866666666667 0.06540257648953303 0.31192 
5 0.8872020933977456 0.5821066666666668 0.03195652173913048 0.16959999999999997 
3 0.5372262479871176 0.5134533333333334 0.009122383252817976 0.11063999999999995 
3 0.5433816425120773 0.5137466666666667 0.006972624798711821 0.09560000000000006 
5 0.7584983896940419 0.5271066666666666 0.03508051529790664 0.11048000000000002 
3 0.8402133655394526 0.536 0.012616747181964632 0.11162666666666671 
3 0.8648188405797101 0.5556 0.02147342995169088 0.11397333333333336 
