3 0.962073268921095 0.6020266666666666 0.06780193236714979 0.7852800000000001 
4 0.1847222222222222 0.81256 0.14448470209339773 0.3642133333333334 
3 0.3889613526570049 0.6358 0.0348953301127214 0.43933333333333335 
3 0.34747987117552337 0.6579333333333334 0.05341384863123996 0.44194666666666654 
3 0.5230756843800323 0.5275466666666666 0.02362318840579713 0.21973333333333334 
3 0.5127012882447666 0.49496 0.024066022544283402 0.15418666666666672 
3 0.5597222222222222 0.5312666666666667 0.017447665056360674 0.21335999999999997 
3 0.5946296296296296 0.49942666666666663 0.018518518518518517 0.17901333333333333 
3 0.6032045088566828 0.48488 0.012077294685990338 0.15743999999999997 
0 0.46789049919484704 0.48324 0.028244766505636013 0.07314666666666668 
3 0.3236553945249598 0.5482 0.02710144927536234 0.22018666666666672 
3 0.5805555555555555 0.5201333333333333 0.01932367149758454 0.18133333333333335 
