5 0.0396256038647343 0.5004666666666667 0.01823671497584541 0.10418666666666672 
3 0.2722020933977456 0.6088266666666666 0.03649758454106279 0.344 
3 0.22644122383252818 0.5995466666666667 0.046167471819645756 0.39605333333333326 
3 0.3647624798711755 0.6353866666666667 0.056626409017713354 0.43621333333333334 
5 0.8855676328502415 0.5851200000000001 0.060507246376811666 0.2842666666666667 
3 0.6217954911433172 0.4950133333333333 0.010466988727858293 0.10965333333333334 
3 0.6345249597423511 0.50108 0.008856682769726247 0.09528000000000005 
5 0.8368558776167472 0.5128533333333333 0.040281803542673175 0.11567999999999999 
3 0.9558132045088565 0.5017466666666667 0.013687600644122383 0.11901333333333332 
3 0.9781199677938809 0.5156933333333333 0.013164251207729395 0.12066666666666667 
