0 0.47421095008051534 0.5207066666666667 0.031014492753623175 0.09368000000000007 
0 0.13129227053140097 0.7717733333333334 0.26258454106280193 0.4564533333333333 
0 0.06604669887278583 0.66876 0.13209339774557166 0.31549333333333335 
1 0.24213365539452497 0.5215466666666666 0.13671497584541062 0.31568000000000007 
0 0.06542270531400966 0.59448 0.13084541062801933 0.1904 
0 0.305 0.54644 0.06173913043478257 0.11794666666666664 
7 0.416622383252818 0.49932 0.04039452495974232 0.13224 
7 0.37977053140096617 0.505 0.08045893719806764 0.25570666666666664 
2 0.4368357487922705 0.45742666666666665 0.029871175523349454 0.14210666666666671 
0 0.20226247987117554 0.54272 0.07512077294685991 0.12410666666666664 
