0 0.4917673107890499 0.5449200000000001 0.05430756843800326 0.16392 
1 0.1468196457326892 0.5212666666666667 0.2936392914653784 0.9574666666666667 
0 0.1544001610305958 0.60916 0.15635265700483092 0.23085333333333338 
0 0.2626570048309179 0.55972 0.08056360708534621 0.1475466666666667 
0 0.35837359098228666 0.5672133333333332 0.08254428341384866 0.1964533333333333 
0 0.3206924315619968 0.5339466666666667 0.052657004830917856 0.09797333333333329 
0 0.39756038647342995 0.5277066666666667 0.04399355877616751 0.10789333333333335 
0 0.41402576489533016 0.5168133333333333 0.028663446054750377 0.0684533333333333 
0 0.4297463768115942 0.50748 0.023904991948470254 0.05832000000000001 
7 0.43630434782608696 0.46028 0.032431561996779365 0.11826666666666664 
