0 0.4675563607085347 0.5216133333333334 0.032423510466988714 0.09789333333333336 
0 0.1022463768115942 0.7509733333333334 0.2044927536231884 0.49805333333333335 
0 0.26220611916264086 0.67528 0.15455716586151366 0.3169066666666666 
0 0.08156602254428343 0.6768666666666666 0.16313204508856685 0.3310133333333333 
0 0.03326892109500805 0.6001466666666667 0.0665378421900161 0.1889333333333334 
0 0.19151771336553947 0.58628 0.11176328502415457 0.18375999999999998 
1 0.29989533011272146 0.5060533333333332 0.08466988727858295 0.22272000000000003 
0 0.1684339774557166 0.5609733333333333 0.0935024154589372 0.13282666666666668 
0 0.3341304347826087 0.5308133333333334 0.044814814814814787 0.09213333333333336 
7 0.4168558776167472 0.49832 0.035724637681159375 0.11733333333333333 
7 0.39110305958132047 0.4974133333333333 0.0625925925925926 0.20719999999999997 
2 0.43295491143317233 0.46005333333333337 0.026489533011272125 0.13018666666666664 
0 0.25120772946859904 0.5294533333333333 0.05360708534621581 0.09720000000000005 
