3 0.7546658615136876 0.65096 0.06268115942028987 0.5811733333333333 
3 0.03475040257648953 0.6269600000000001 0.06950080515297906 0.3504 
3 0.08223027375201288 0.63208 0.0519645732689211 0.40485333333333334 
4 0.7734219001610305 0.6513333333333333 0.08521739130434786 0.2758400000000001 
5 0.3404307568438003 0.5393466666666666 0.03467793880837363 0.20536 
1 0.43675120772946857 0.4858133333333334 0.06308373590982289 0.16186666666666663 
4 0.13719001610305956 0.5766133333333334 0.042141706924315625 0.15727999999999998 
4 0.16200483091787438 0.5686 0.04824476650563606 0.14781333333333335 
3 0.16354669887278583 0.5565599999999999 0.01892914653784218 0.19525333333333333 
3 0.7555273752012882 0.6174933333333333 0.053872785829307636 0.44661333333333336 
3 0.6952294685990338 0.65364 0.033083735909822894 0.24978666666666663 
3 0.7128059581320452 0.6515066666666667 0.0374637681159421 0.2504266666666666 
5 0.501171497584541 0.5105999999999999 0.03421095008051531 0.11832000000000001 
0 0.37448470209339774 0.5025866666666666 0.05636070853462158 0.06442666666666673 
