3 0.8196175523349436 0.6576533333333333 0.09596618357487918 0.6740266666666667 
3 0.8634098228663446 0.5929333333333333 0.0699597423510466 0.6162133333333333 
4 0.0917632850241546 0.8461333333333334 0.15429951690821256 0.2970666666666666 
4 0.29748792270531405 0.7032933333333333 0.07861513687600644 0.28834666666666675 
4 0.15051127214170693 0.8350933333333332 0.14641706924315623 0.3191466666666667 
3 0.4209621578099839 0.55992 0.024919484702093344 0.2582399999999999 
3 0.39759661835748794 0.56064 0.029122383252818 0.24560000000000007 
3 0.4857004830917874 0.5252933333333334 0.022576489533011244 0.1955466666666667 
3 0.5001771336553945 0.49676 0.014122383252818007 0.1433866666666666 
3 0.5266545893719807 0.5248133333333334 0.019524959742351047 0.18882666666666667 
3 0.582145732689211 0.49670666666666663 0.015209339774557155 0.1636 
0 0.45649355877616743 0.48055999999999993 0.025611916264090224 0.06591999999999999 
3 0.3926368760064412 0.5290666666666667 0.015193236714975803 0.1895466666666666 
3 0.5535104669887279 0.5174266666666667 0.014460547504025794 0.16712000000000005 
