0 0.468389694041868 0.5390933333333333 0.042995169082125674 0.12981333333333336 
0 0.08997584541062802 0.7366533333333334 0.17995169082125603 0.5266933333333333 
0 0.19359098228663446 0.5873866666666666 0.1340096618357488 0.23295999999999997 
0 0.3777858293075685 0.5742266666666667 0.08090177133655396 0.20018666666666665 
0 0.3118880837359098 0.5427066666666667 0.05738325281803541 0.11058666666666667 
0 0.410354267310789 0.5310266666666666 0.04003220611916262 0.09677333333333331 
0 0.4313566827697263 0.5170266666666666 0.02648148148148156 0.06386666666666671 
1 0.44347020933977455 0.4827733333333334 0.0173752012882448 0.07194666666666664 
0 0.2802053140096618 0.5252533333333333 0.04841384863123993 0.08682666666666668 
0 0.01391304347826087 0.6111733333333333 0.02782608695652174 0.20288000000000003 
