3 0.5625805152979066 0.4719066666666667 0.019476650563607128 0.15170666666666663 
3 0.23622785829307566 0.517 0.028993558776167463 0.3200266666666666 
3 0.9205394524959742 0.6638666666666666 0.12832528180354277 0.6402666666666667 
3 0.5169162640901771 0.5511866666666666 0.036940418679549114 0.32989333333333337 
3 0.5621739130434783 0.5260933333333333 0.03808373590982283 0.34584 
3 0.4878623188405797 0.5005999999999999 0.028590982286634453 0.26136 
3 0.4645169082125604 0.5054533333333333 0.030144927536231835 0.266 
3 0.5202334943639292 0.4963066666666667 0.028470209339774476 0.23672 
3 0.5567954911433172 0.5008 0.022093397745571612 0.22170666666666672 
3 0.3781320450885668 0.5105066666666667 0.025394524959742367 0.27258666666666664 
3 0.40029790660225445 0.51156 0.02225442834138485 0.22717333333333334 
3 0.42216988727858296 0.4916133333333334 0.024597423510467 0.2524 
3 0.4467471819645733 0.5162 0.019468599033816477 0.21005333333333337 
3 0.41450483091787443 0.4934133333333333 0.042165861513687605 0.22586666666666663 
1 0.10771739130434782 0.492 0.21543478260869564 0.984 
