0 0.3691384863123993 0.5566133333333333 0.08685990338164251 0.19333333333333333 
5 0.7752576489533012 0.46040000000000003 0.06103059581320447 0.16986666666666664 
5 0.7123067632850241 0.4594666666666667 0.04760869565217391 0.14437333333333338 
3 0.4432528180354267 0.5036666666666667 0.019210950080515307 0.14797333333333335 
5 0.5834299516908212 0.47103999999999996 0.03161030595813204 0.09706666666666668 
3 0.3364694041867955 0.51516 0.017415458937198064 0.16402666666666665 
5 0.6730032206119163 0.46705333333333326 0.02104669887278591 0.10520000000000004 
3 0.20248792270531402 0.53584 0.016892109500805167 0.128 
3 0.198329307568438 0.53964 0.018671497584541084 0.1233866666666667 
5 0.26216183574879226 0.5356933333333334 0.055950080515297915 0.1646133333333333 
3 0.2704830917874397 0.5271733333333334 0.01685990338164251 0.1269866666666667 
3 0.2651127214170692 0.5324533333333333 0.020644122383252805 0.15424000000000002 
3 0.3357487922705314 0.5087866666666667 0.013156199677938834 0.15778666666666663 
0 0.9128301127214171 0.4341733333333333 0.10015297906602262 0.09570666666666663 
0 0.8277133655394525 0.46176 0.08801932367149762 0.07984 
