3 0.4939210950080516 0.5224266666666667 0.016296296296296305 0.1536 
3 0.504794685990338 0.5256266666666667 0.021811594202898577 0.17242666666666664 
3 0.04246779388083736 0.7136666666666667 0.08493558776167472 0.562 
3 0.0809500805152979 0.6417200000000001 0.050305958132045095 0.3484000000000001 
3 0.16902173913043478 0.6744133333333334 0.05820450885668276 0.46840000000000004 
3 0.6735628019323672 0.6252800000000001 0.06210144927536231 0.4448 
3 0.8711111111111112 0.6731066666666667 0.10619967793880826 0.6431199999999999 
3 0.30703703703703705 0.54352 0.03135265700483092 0.17365333333333335 
3 0.42791867954911433 0.5286266666666667 0.01809178743961355 0.17479999999999996 
0 0.3427576489533012 0.54212 0.10973429951690823 0.28018666666666675 
1 0.39218599033816426 0.51452 0.06189210950080511 0.19218666666666664 
