0 0.09381642512077294 0.7891466666666667 0.18763285024154588 0.4163733333333333 
0 0.22863123993558773 0.7402666666666667 0.21887278582930758 0.4135999999999999 
0 0.8496739130434783 0.7473866666666666 0.2990418679549114 0.49989333333333336 
0 0.7016787439613525 0.6459066666666666 0.17662640901771337 0.37912000000000007 
0 0.9250040257648954 0.48434666666666665 0.14838164251207728 0.2532266666666667 
0 0.5436312399355878 0.5092933333333334 0.04433172302737525 0.10109333333333333 
0 0.4919202898550724 0.5009066666666667 0.03194041867954908 0.06144000000000006 
0 0.670108695652174 0.5160933333333333 0.09649758454106282 0.13368 
0 0.4606400966183575 0.4886133333333333 0.036304347826086894 0.05114666666666669 
5 0.3942914653784219 0.5001333333333333 0.011497584541062826 0.07088000000000004 
