0 0.47814814814814816 0.5213866666666667 0.0361835748792271 0.10927999999999997 
0 0.03392109500805153 0.76548 0.06784219001610306 0.46903999999999996 
1 0.08679951690821257 0.6220933333333333 0.17359903381642514 0.35016 
7 0.2534621578099839 0.5759733333333333 0.1557648953301127 0.44661333333333336 
1 0.3253582930756844 0.5284666666666668 0.12026570048309175 0.3363466666666666 
0 0.20965780998389694 0.5851333333333334 0.09570853462157808 0.15783999999999998 
0 0.3950442834138486 0.5182 0.04632045088566825 0.11949333333333334 
0 0.4172141706924316 0.51384 0.028276972624798717 0.06816000000000001 
1 0.43219001610305957 0.4770533333333333 0.026070853462157807 0.09293333333333331 
0 0.045414653784219 0.61136 0.090829307568438 0.21856000000000003 
