0 0.9328864734299517 0.5586266666666667 0.10363123993558779 0.13666666666666666 
0 0.8814090177133656 0.5554933333333334 0.10012882447665067 0.13002666666666665 
0 0.8138768115942029 0.5545866666666667 0.09329307568438004 0.14005333333333328 
0 0.49882045088566834 0.5008 0.02743156199677943 0.08085333333333339 
5 0.4214371980676328 0.5462533333333334 0.04200483091787441 0.21032 
5 0.46314009661835753 0.5290533333333333 0.048760064412238284 0.20658666666666667 
5 0.39439210950080517 0.49873333333333336 0.016835748792270552 0.09965333333333334 
3 0.15328502415458936 0.4603733333333333 0.013156199677938811 0.1264 
3 0.11358695652173913 0.5128666666666666 0.02925120772946861 0.22989333333333337 
3 0.20959339774557165 0.48764 0.016642512077294676 0.14813333333333328 
3 0.17801127214170692 0.47997333333333336 0.01932367149758454 0.15013333333333329 
3 0.5161392914653785 0.6004266666666668 0.03757648953301124 0.38101333333333337 
3 0.5494041867954912 0.5821866666666666 0.04830917874396135 0.35994666666666664 
3 0.6016143317230274 0.5971200000000001 0.05690016103059578 0.4194666666666666 
3 0.8332125603864734 0.69704 0.0925925925925925 0.57392 
3 0.8401006441223833 0.6890666666666666 0.09796296296296293 0.5898666666666667 
3 0.8669122383252817 0.6828800000000002 0.08641706924315615 0.5105066666666667 
3 0.5953381642512077 0.62668 0.04750402576489533 0.45826666666666666 
