0 0.4935628019323671 0.5710666666666667 0.07045893719806763 0.2125333333333333 
0 0.0802938808373591 0.7527733333333334 0.1605877616747182 0.4944533333333333 
0 0.3208816425120773 0.5897066666666666 0.0919082125603865 0.1853866666666667 
0 0.25044685990338167 0.5632666666666667 0.0920692431561997 0.1564 
0 0.3835869565217391 0.5439466666666667 0.05757648953301122 0.12325333333333333 
7 0.41273349436392914 0.45718666666666663 0.06374396135265706 0.214 
7 0.44770128824476657 0.4575333333333333 0.025016103059581362 0.1121333333333333 
0 0.03708132045088567 0.6013733333333333 0.07416264090177134 0.2110666666666666 
0 0.12853462157809983 0.5623066666666667 0.10856682769726249 0.15117333333333333 
1 0.3143075684380032 0.5015333333333333 0.04371980676328499 0.09501333333333332 
0 0.5173268921095008 0.5072266666666667 0.024186795491143286 0.05082666666666667 
0 0.5565780998389694 0.5052933333333334 0.017681159420289885 0.038639999999999945 
