0 0.569597423510467 0.55576 0.06101449275362326 0.15434666666666666 
0 0.12409822866344605 0.7887066666666667 0.2481964573268921 0.4172533333333333 
0 0.8292673107890499 0.5408133333333334 0.22763285024154584 0.21527999999999997 
0 0.7686352657004831 0.4975866666666667 0.17247181964573272 0.22519999999999998 
7 0.3206723027375201 0.5973733333333333 0.05448470209339776 0.09447999999999994 
0 0.35092190016103064 0.5584133333333333 0.05699677938808375 0.134 
0 0.24260466988727858 0.6347333333333333 0.11950885668276971 0.22392 
0 0.6910305958132045 0.50284 0.1204830917874396 0.14103999999999997 
0 0.3922504025764895 0.5306133333333334 0.03669082125603864 0.0853866666666667 
0 0.929231078904992 0.4553066666666667 0.11049114331723028 0.11786666666666672 
0 0.887475845410628 0.44903999999999994 0.10469404186795489 0.09536000000000006 
1 0.9801972624798712 0.43313333333333337 0.03799516908212565 0.17309333333333332 
