5 0.7021940418679549 0.60036 0.04846215780998394 0.23341333333333325 
5 0.14888486312399354 0.7197066666666666 0.2977697262479871 0.5285866666666666 
5 0.5453260869565218 0.58384 0.03794685990338164 0.22229333333333337 
3 0.21041465378421903 0.5343866666666666 0.012616747181964587 0.13890666666666668 
3 0.22647342995169079 0.5285466666666666 0.015297906602254429 0.1202933333333333 
5 0.5236956521739131 0.53736 0.02752012882447661 0.10256000000000003 
3 0.3405756843800322 0.5389866666666667 0.010201288244766472 0.12757333333333334 
3 0.3290378421900161 0.5381466666666667 0.013953301127214157 0.10781333333333336 
3 0.5328502415458937 0.5294533333333333 0.011272141706924315 0.10711999999999997 
3 0.5536795491143317 0.5447466666666667 0.015297906602254429 0.10714666666666668 
