3 0.46450080515297903 0.5379866666666667 0.02254428341384863 0.20370666666666662 
3 0.5045169082125603 0.5331333333333333 0.024685990338164317 0.21426666666666666 
3 0.2858816425120773 0.53832 0.020394524959742383 0.19493333333333332 
3 0.45445249597423504 0.55648 0.023349436392914653 0.2267733333333333 
3 0.5754025764895331 0.6363733333333333 0.05769726247987115 0.4926933333333333 
3 0.9653341384863123 0.5904933333333333 0.05823671497584535 0.46498666666666666 
3 0.5125724637681159 0.5446666666666666 0.028446054750402516 0.23317333333333332 
3 0.6261674718196457 0.61492 0.04830917874396135 0.3734133333333333 
0 0.3277294685990338 0.6024400000000001 0.17045088566827696 0.3907466666666667 
0 0.3401086956521739 0.5092266666666666 0.08148953301127213 0.21743999999999997 
1 0.373341384863124 0.49732000000000004 0.04975845410628016 0.15949333333333335 
