3 0.5258735909822866 0.46421333333333337 0.015837359098228723 0.152 
3 0.21185185185185185 0.5308933333333333 0.026570048309178744 0.32082666666666665 
3 0.8954106280193236 0.66672 0.17858293075684376 0.63456 
3 0.5642753623188406 0.46557333333333334 0.031127214170692405 0.19328000000000004 
3 0.5832045088566827 0.6624 0.14317230273752016 0.6432 
3 0.5872222222222222 0.7138666666666666 0.1125281803542673 0.5402666666666667 
3 0.61 0.6756533333333333 0.05314009661835749 0.6166933333333333 
3 0.6694806763285024 0.7317733333333334 0.06870370370370364 0.5044533333333333 
3 0.6898872785829308 0.6880933333333332 0.0499194847020934 0.5918133333333333 
3 0.7790821256038647 0.7058533333333333 0.07193236714975838 0.5562933333333334 
3 0.2985386473429951 0.7125333333333334 0.07836553945249596 0.5429333333333333 
3 0.4577133655394525 0.5711333333333334 0.04561996779388081 0.3656266666666667 
3 0.5417713365539453 0.5698666666666667 0.03784219001610306 0.3374400000000001 
3 0.5690458937198067 0.5520133333333334 0.0670933977455716 0.3637066666666666 
3 0.625096618357488 0.5379200000000001 0.058615136876006405 0.34074666666666664 
1 0.10758454106280194 0.492 0.21516908212560387 0.984 
