0 0.9332930756843801 0.5610133333333334 0.10281803542673111 0.13690666666666668 
0 0.8814492753623189 0.5552933333333334 0.10070853462157804 0.13005333333333335 
0 0.8137761674718197 0.5549333333333334 0.0933494363929147 0.14010666666666666 
0 0.49887681159420294 0.5004533333333334 0.02749597423510465 0.08085333333333339 
3 0.8294766505636071 0.6624666666666666 0.0821739130434783 0.51832 
3 0.15946054750402577 0.46713333333333334 0.012995169082125616 0.12434666666666666 
3 0.2261795491143317 0.46806666666666663 0.013325281803542682 0.10994666666666664 
3 0.2522383252818035 0.5355466666666666 0.023429951690821228 0.22704000000000005 
3 0.2844565217391304 0.5310933333333333 0.0216988727858293 0.21813333333333337 
3 0.30742753623188407 0.5371066666666666 0.04865539452495975 0.23480000000000004 
3 0.3894323671497585 0.5640799999999999 0.037012882447665076 0.30063999999999996 
3 0.42508051529790664 0.5589066666666667 0.03423510466988731 0.2674133333333334 
3 0.27446859903381643 0.5613333333333334 0.0321900161030596 0.2784533333333333 
3 0.31079710144927536 0.5585466666666667 0.02951690821256036 0.2680800000000001 
3 0.33660628019323674 0.5563733333333333 0.029267310789049938 0.23802666666666672 
3 0.26809581320450887 0.5414800000000001 0.044806763285024184 0.24034666666666665 
