5 0.9337600644122384 0.6225066666666667 0.04616747181964585 0.30735999999999997 
3 0.028293075684380033 0.6356533333333333 0.050724637681159424 0.4344 
3 0.1718599033816425 0.6884533333333334 0.07729468599033816 0.5910933333333334 
5 0.6972544283413848 0.6352666666666668 0.06798711755233498 0.33330666666666675 
5 0.824464573268921 0.5965866666666667 0.030732689210950046 0.17066666666666666 
3 0.4914130434782609 0.51932 0.010201288244766472 0.11309333333333332 
3 0.5044122383252818 0.5161333333333333 0.011272141706924315 0.09679999999999996 
5 0.7199758454106281 0.5566533333333333 0.032431561996779365 0.10887999999999996 
3 0.7844484702093398 0.5453466666666666 0.011006441223832495 0.10866666666666666 
3 0.8072584541062802 0.5806533333333334 0.017979066022544225 0.11096000000000003 
