3 0.5262962962962964 0.4642133333333333 0.01798711755233497 0.1514666666666666 
3 0.21872383252818037 0.5288933333333333 0.03150563607085348 0.3207200000000001 
3 0.8601690821256038 0.68456 0.09874396135265709 0.5988800000000001 
3 0.7565177133655395 0.6741066666666667 0.09137681159420291 0.6197866666666666 
3 0.6162640901771337 0.4868533333333333 0.030402576489533005 0.19786666666666664 
3 0.5018840579710145 0.66496 0.07531400966183573 0.63808 
3 0.5126851851851851 0.7106133333333334 0.05289049919484706 0.536 
3 0.5681481481481482 0.66536 0.05183574879227053 0.5886933333333333 
3 0.6041183574879228 0.7 0.048687600644122316 0.47205333333333327 
3 0.6376610305958132 0.6477333333333334 0.05297101449275359 0.5015466666666666 
3 0.6993679549114332 0.6767333333333333 0.05318035426731075 0.49245333333333335 
3 0.24994363929146537 0.68696 0.06289855072463768 0.49072000000000005 
3 0.4429428341384863 0.5367466666666666 0.0385426731078905 0.3226666666666666 
3 0.5086513687600644 0.54596 0.047463768115942065 0.2990133333333334 
3 0.5388888888888889 0.5309733333333334 0.05041867954911434 0.32210666666666665 
3 0.593305152979066 0.5235733333333333 0.050088566827697294 0.30271999999999993 
1 0.10760064412238324 0.492 0.21520128824476648 0.984 
