3 0.6581723027375201 0.6858266666666667 0.049388083735909846 0.46594666666666673 
3 0.27165056360708534 0.6760799999999999 0.050724637681159424 0.4419733333333333 
3 0.17906199677938808 0.66816 0.05823671497584542 0.4153066666666667 
3 0.8886272141706923 0.6701866666666666 0.07353462157809978 0.5079466666666667 
3 0.821658615136876 0.68848 0.0654911433172303 0.4978133333333333 
3 0.5306441223832528 0.5633066666666667 0.023349436392914653 0.21344 
3 0.6466787439613526 0.6783866666666667 0.05309983896940413 0.38312 
3 0.5960748792270532 0.6508266666666667 0.03516103059581317 0.3293333333333333 
3 0.5780354267310789 0.6287200000000001 0.030595813204508857 0.2874666666666667 
3 0.6457648953301127 0.5982666666666666 0.04942028985507246 0.2802133333333333 
3 0.6042592592592593 0.6310266666666666 0.03140096618357488 0.2837599999999999 
3 0.6551811594202899 0.5486266666666667 0.03880032206119167 0.22749333333333327 
0 0.4580998389694042 0.5364666666666666 0.04262479871175519 0.10941333333333333 
