0 0.5459702093397746 0.5226666666666666 0.034871175523349396 0.08703999999999996 
0 0.5110064412238325 0.49518666666666666 0.01734299516908219 0.046320000000000014 
0 0.32145330112721415 0.5930933333333334 0.10458132045088565 0.22698666666666675 
0 0.16976650563607085 0.59216 0.13922705314009662 0.20693333333333339 
1 0.27677133655394526 0.5312933333333334 0.0680032206119163 0.16077333333333332 
0 0.4003743961352657 0.5334266666666667 0.046062801932367135 0.10242666666666665 
1 0.333756038647343 0.5158666666666666 0.05957326892109502 0.12320000000000005 
0 0.42947665056360707 0.5157466666666667 0.029983896940418687 0.07303999999999997 
0 0.4928743961352658 0.5119866666666667 0.027906602254428314 0.08674666666666667 
0 0.3737761674718197 0.5139066666666666 0.03639291465378421 0.0736266666666667 
0 0.44418679549114337 0.4989066666666666 0.015813204508856673 0.04693333333333332 
1 0.3836513687600644 0.49838666666666664 0.030780998389694055 0.08008 
