3 0.960024154589372 0.6561866666666667 0.07190016103059578 0.67696 
3 0.6149838969404187 0.67076 0.059275362318840584 0.5103733333333333 
5 0.1197463768115942 0.6902933333333333 0.2394927536231884 0.6087466666666667 
3 0.7897906602254428 0.5511199999999999 0.04974235104669885 0.4412266666666666 
3 0.8499074074074074 0.5580133333333334 0.03994363929146548 0.39 
4 0.23126409017713367 0.7924666666666667 0.08652173913043476 0.40440000000000004 
4 0.26602657004830915 0.7700133333333333 0.06643317230273756 0.35378666666666664 
4 0.33430756843800324 0.62936 0.05426731078904995 0.19856000000000001 
4 0.27772141706924314 0.7447599999999999 0.0705475040257649 0.3137866666666667 
3 0.4104307568438003 0.53832 0.014855072463768153 0.18464000000000003 
3 0.3925442834138486 0.5488000000000001 0.016666666666666656 0.17440000000000003 
3 0.46091384863123985 0.53656 0.018188405797101476 0.1768533333333333 
3 0.4790821256038647 0.5112800000000001 0.01573268921095005 0.13397333333333328 
3 0.4926650563607085 0.53476 0.01495974235104664 0.16989333333333329 
0 0.4310748792270531 0.49384 0.023486312399355936 0.060586666666666664 
3 0.4069806763285024 0.53316 0.017842190016103033 0.1687733333333334 
