0 0.47695652173913045 0.5097866666666667 0.030611916264090162 0.09242666666666666 
0 0.06439613526570048 0.6493599999999999 0.12879227053140097 0.34752000000000005 
0 0.24954106280193236 0.6482933333333334 0.16233494363929146 0.2893866666666667 
0 0.2275925925925926 0.5750533333333333 0.10549114331723028 0.1610933333333333 
0 0.36218196457326896 0.5609733333333333 0.0656843800322061 0.1366133333333333 
0 0.30615136876006444 0.5342800000000001 0.05388083735909824 0.10263999999999995 
0 0.3805072463768116 0.5291333333333333 0.04632850241545895 0.10530666666666662 
7 0.4146618357487923 0.4988666666666666 0.034991948470209366 0.12311999999999997 
1 0.4438929146537843 0.47901333333333335 0.01638486312399358 0.06261333333333338 
0 0.13548309178743959 0.5617466666666666 0.11462157809983896 0.17005333333333328 
