5 0.6701650563607086 0.5311866666666667 0.027930756843800367 0.28013333333333335 
3 0.8043639291465379 0.6591866666666667 0.08890499194847026 0.6496266666666667 
3 0.736364734299517 0.4784666666666667 0.017528180354267387 0.16040000000000001 
3 0.5050563607085345 0.5764133333333333 0.03967793880837357 0.32552 
3 0.46303542673107895 0.5702266666666667 0.03441223832528181 0.31095999999999996 
3 0.47170692431562 0.5595866666666668 0.038808373590982326 0.34866666666666674 
3 0.7179468599033817 0.5005599999999999 0.023365539452496052 0.19578666666666664 
3 0.8912318840579709 0.5003866666666666 0.02434782608695653 0.22178666666666663 
3 0.9130958132045089 0.494 0.02873590982286639 0.25370666666666664 
3 0.9096658615136877 0.51144 0.020378421900160988 0.20864000000000002 
1 0.49413446054750404 0.4551333333333334 0.014484702093397753 0.054 
