3 0.6601650563607085 0.6886000000000001 0.06607890499194852 0.5751200000000001 
3 0.8096014492753624 0.5581333333333334 0.04936392914653789 0.48277333333333333 
3 0.9151247987117552 0.57432 0.037012882447665076 0.4549333333333334 
4 0.19425120772946858 0.80004 0.10589371980676326 0.38925333333333334 
4 0.2373832528180354 0.7987866666666668 0.07999999999999999 0.39176 
4 0.3247745571658615 0.6442933333333334 0.059871175523349446 0.21882666666666659 
4 0.2533333333333333 0.7807333333333333 0.0837842190016103 0.3652533333333333 
3 0.41414653784219 0.5435866666666668 0.017616747181964525 0.20141333333333333 
3 0.3944887278582931 0.5446933333333334 0.01965378421900163 0.1904 
3 0.4658091787439613 0.5307333333333333 0.01870370370370372 0.18194666666666665 
3 0.4862922705314009 0.5044000000000001 0.014790660225442839 0.13712000000000005 
3 0.5010507246376811 0.5282399999999999 0.015096618357487922 0.17440000000000003 
3 0.5584661835748792 0.5001733333333334 0.015225442834138552 0.15341333333333335 
0 0.4369927536231884 0.4836133333333334 0.02424315619967786 0.062213333333333364 
3 0.3986312399355878 0.5270666666666666 0.03247987117552333 0.17461333333333331 
3 0.5179066022544283 0.5205333333333333 0.014444444444444489 0.1576 
