0 0.609927536231884 0.6095733333333333 0.09133655394524964 0.21258666666666667 
0 0.08826892109500804 0.6365333333333333 0.1765378421900161 0.31050666666666676 
0 0.27922302737520127 0.6625599999999999 0.16068438003220611 0.3203733333333333 
0 0.38263687600644125 0.5572266666666666 0.06250402576489528 0.15295999999999996 
0 0.547206119162641 0.5363866666666667 0.0437842190016103 0.10749333333333334 
0 0.40907004830917876 0.5397066666666667 0.0432125603864734 0.10437333333333337 
0 0.33142914653784217 0.5361066666666667 0.047995169082125616 0.0944533333333333 
0 0.3687520128824477 0.5244666666666667 0.03342995169082124 0.07143999999999998 
0 0.4356924315619969 0.51392 0.02123993558776167 0.05280000000000003 
0 0.4819524959742351 0.5098533333333333 0.019734299516908204 0.06135999999999998 
0 0.5133695652173913 0.5078666666666667 0.017367149758454055 0.051200000000000044 
0 0.5043317230273752 0.5041333333333333 0.01500805152979074 0.044533333333333376 
1 0.21391304347826087 0.48103999999999997 0.057310789049919465 0.10090666666666667 
