3 0.5063848631239936 0.5740933333333333 0.03225442834138491 0.28984 
3 0.5641908212560386 0.5508 0.03754428341384863 0.2965333333333333 
3 0.2339533011272142 0.56232 0.03085346215780998 0.2436266666666667 
3 0.5350161030595814 0.56348 0.029130434782608745 0.25704 
3 0.7527093397745571 0.6414133333333334 0.09219806763285024 0.5409066666666666 
3 0.9648309178743961 0.5897333333333333 0.05958132045088567 0.4685333333333333 
3 0.11980676328502417 0.7249200000000001 0.07066022544283414 0.5394933333333334 
7 0.06836151368760064 0.8327733333333334 0.13672302737520128 0.3237866666666666 
3 0.09173107890499194 0.71756 0.07048309178743961 0.5542133333333333 
3 0.652524154589372 0.544 0.04010466988727863 0.30688000000000004 
3 0.8700845410628019 0.6435866666666668 0.07274557165861506 0.48072000000000004 
0 0.41096618357487924 0.5334933333333334 0.08177133655394529 0.2199466666666667 
0 0.3407004830917874 0.51232 0.08128824476650562 0.21621333333333329 
1 0.37304347826086953 0.49809333333333333 0.05024154589371979 0.15986666666666663 
