0 0.4926731078904992 0.5486533333333333 0.05621578099838964 0.1696266666666667 
1 0.08661433172302738 0.5287733333333333 0.17322866344605475 0.9424533333333334 
0 0.07436795491143317 0.6729333333333334 0.14873590982286633 0.3410133333333334 
0 0.2094927536231884 0.5871200000000001 0.11120772946859904 0.18911999999999995 
0 0.3238647342995169 0.6003999999999999 0.11510466988727862 0.25925333333333334 
0 0.29837761674718194 0.544 0.06371175523349436 0.11306666666666661 
0 0.38579307568438004 0.5377066666666667 0.05287439613526571 0.12608 
0 0.408864734299517 0.5201066666666667 0.03223832528180356 0.07562666666666663 
0 0.4267874396135265 0.51192 0.02653784219001604 0.06378666666666671 
7 0.4351086956521739 0.46171999999999996 0.03532206119162641 0.12711999999999996 
0 0.26606682769726253 0.5378133333333334 0.059202898550724664 0.09370666666666663 
