0 0.468268921095008 0.5246133333333334 0.03657004830917871 0.1104533333333333 
0 0.2633454106280193 0.7027733333333334 0.19741545893719809 0.42944 
0 0.07465378421900161 0.6891466666666667 0.14930756843800322 0.3504533333333333 
1 0.0210426731078905 0.5719333333333334 0.042085346215781 0.28237333333333337 
0 0.3452415458937198 0.5860666666666666 0.07727858293075682 0.17842666666666665 
0 0.23232286634460544 0.5754266666666668 0.09719001610305956 0.1610933333333333 
0 0.159158615136876 0.55572 0.09190821256038648 0.12888000000000002 
1 0.3400080515297907 0.49870666666666663 0.05222222222222223 0.1568266666666666 
7 0.4032890499194847 0.4876933333333333 0.04532206119162638 0.16472000000000003 
2 0.4288446054750403 0.46303999999999995 0.022375201288244738 0.11829333333333329 
