3 0.4644927536231885 0.52556 0.021465378421900137 0.18119999999999997 
3 0.4859742351046698 0.52244 0.029661835748792297 0.19143999999999997 
3 0.3908454106280193 0.5496666666666666 0.026570048309178744 0.214 
3 0.5076247987117553 0.6343733333333333 0.07085346215780998 0.4718400000000001 
3 0.9533413848631241 0.5851466666666667 0.05769726247987124 0.4631999999999999 
3 0.4924194847020934 0.5346000000000001 0.030861513687600678 0.20957333333333333 
3 0.5492270531400966 0.6058933333333333 0.04589371980676329 0.3389866666666666 
0 0.26707326892109506 0.6611733333333333 0.2373510466988728 0.54224 
3 0.9169605475040258 0.6219600000000001 0.09796296296296302 0.5703733333333333 
0 0.3406038647342995 0.5078533333333333 0.08111111111111108 0.2166133333333333 
1 0.37343800322061194 0.49568 0.04967793880837363 0.15919999999999998 
