0 0.10179549114331723 0.7885866666666668 0.20359098228663447 0.4174933333333333 
0 0.3819202898550725 0.60236 0.0826811594202899 0.21752000000000005 
0 0.42365942028985504 0.5575066666666667 0.04520933977455715 0.12802666666666665 
1 0.44130032206119163 0.5055866666666666 0.03809178743961348 0.13682666666666668 
0 0.11285426731078904 0.7528666666666668 0.22570853462157808 0.4524533333333334 
0 0.6011795491143317 0.5567066666666667 0.12155394524959745 0.15624000000000002 
0 0.5804307568438003 0.5446133333333333 0.10055555555555555 0.11616 
0 0.5457769726247987 0.5222933333333334 0.07024959742351047 0.09669333333333338 
1 0.46020531400966186 0.5054266666666667 0.025772946859903376 0.08024 
1 0.28426731078904993 0.66292 0.20864734299516907 0.5317600000000001 
5 0.9771779388083736 0.5901733333333333 0.04403381642512082 0.3675466666666667 
