3 0.4763083735909823 0.5556933333333333 0.0254991948470209 0.23405333333333336 
3 0.5374436392914653 0.5397066666666667 0.030330112721417127 0.24320000000000006 
3 0.27007246376811594 0.54788 0.024154589371980676 0.21266666666666667 
3 0.5089492753623188 0.5584 0.02469404186795497 0.23754666666666663 
3 0.6447906602254427 0.63932 0.08507246376811592 0.5150666666666667 
3 0.9653542673107891 0.5901733333333333 0.06038647342995169 0.4666933333333333 
3 0.577157809983897 0.5453466666666666 0.023349436392914653 0.2628533333333333 
3 0.7274114331723027 0.6236666666666667 0.059315619967793845 0.4141066666666666 
0 0.3726167471819646 0.5689066666666666 0.12544283413848636 0.29797333333333326 
0 0.3409903381642512 0.51184 0.08136876006441224 0.21738666666666662 
1 0.37306360708534625 0.49816 0.049975845410628016 0.15973333333333328 
