0 0.49398148148148147 0.5753866666666667 0.07068438003220609 0.21317333333333333 
0 0.2811876006441224 0.6266133333333334 0.12326086956521737 0.23802666666666672 
0 0.2124355877616747 0.5811333333333334 0.11461352657004831 0.18434666666666666 
0 0.3681199677938809 0.55576 0.06846215780998392 0.14229333333333338 
7 0.4044283413848631 0.45992 0.07275362318840581 0.23903999999999997 
7 0.44679146537842185 0.45957333333333333 0.026417069243156246 0.11829333333333338 
0 0.0690499194847021 0.5838 0.1380998389694042 0.1802933333333333 
1 0.29994766505636067 0.50292 0.048800322061191594 0.10312000000000004 
0 0.528683574879227 0.5111066666666667 0.024677938808373663 0.04941333333333334 
0 0.571634460547504 0.5107733333333334 0.018164251207729423 0.0382933333333333 
