0 0.3148429951690821 0.6258666666666667 0.14390499194847017 0.2993066666666666 
5 0.9571900161030595 0.45626666666666665 0.05502415458937192 0.24298666666666663 
5 0.8805072463768117 0.45269333333333334 0.06793880837359088 0.18688000000000005 
3 0.47546698872785825 0.5131866666666667 0.02719806763285022 0.19335999999999998 
5 0.6807890499194846 0.46185333333333334 0.03739130434782604 0.11117333333333333 
3 0.3325925925925926 0.5263333333333333 0.023027375201288263 0.22071999999999994 
5 0.7133051529790659 0.46265333333333336 0.02359903381642517 0.12808 
3 0.16216988727858292 0.555 0.028784219001610305 0.1632266666666666 
3 0.146719001610306 0.5623066666666667 0.02512882447665057 0.15789333333333336 
5 0.26402979066022547 0.5501466666666667 0.06844605475040257 0.20541333333333334 
3 0.1787037037037037 0.55476 0.02520128824476649 0.16418666666666665 
3 0.1511352657004831 0.56284 0.0327536231884058 0.20584 
3 0.2549597423510467 0.5376799999999999 0.01856682769726248 0.20287999999999995 
0 0.9600885668276972 0.4140666666666667 0.0492270531400967 0.11186666666666664 
0 0.898852657004831 0.44528000000000006 0.10923510466988734 0.09536000000000006 
