0 0.47698872785829316 0.51244 0.03164251207729474 0.0955466666666667 
0 0.11909822866344605 0.7609866666666667 0.2381964573268921 0.47802666666666666 
0 0.12642512077294685 0.6192 0.1748309178743961 0.23397333333333328 
0 0.319597423510467 0.5987733333333334 0.0983735909822866 0.19296000000000005 
0 0.2679549114331723 0.5501066666666666 0.07247987117552333 0.1286933333333333 
0 0.35768518518518516 0.54464 0.061167471819645755 0.13183999999999998 
7 0.40298711755233496 0.5018266666666666 0.042254428341384875 0.1456266666666667 
1 0.41298711755233497 0.4886266666666667 0.04132045088566832 0.13656000000000001 
1 0.4424959742351046 0.47872 0.017858293075684338 0.06736000000000004 
0 0.052004830917874396 0.6005733333333333 0.10400966183574879 0.23346666666666668 
