0 0.9331803542673108 0.56036 0.10304347826086958 0.13682666666666668 
0 0.8814371980676328 0.5553466666666667 0.10055555555555563 0.1300533333333333 
0 0.8138083735909822 0.55484 0.0933333333333334 0.14008 
0 0.4988607085346216 0.50056 0.027479871175523345 0.08085333333333332 
3 0.16161433172302736 0.46889333333333333 0.01327697262479872 0.12584 
3 0.23802334943639292 0.49118666666666666 0.019283413848631276 0.14541333333333334 
5 0.44962157809983905 0.49524 0.027681159420289852 0.1545333333333333 
3 0.21022946859903383 0.4704533333333334 0.013164251207729441 0.11872000000000003 
3 0.3067471819645733 0.5488000000000001 0.03326892109500804 0.25695999999999997 
3 0.3323309178743961 0.54348 0.027045088566827722 0.24626666666666666 
3 0.36062399355877617 0.5541999999999999 0.055917874396135256 0.26717333333333343 
3 0.4954106280193236 0.593 0.048824476650563595 0.3610933333333333 
3 0.5326932367149758 0.5787199999999999 0.04260064412238323 0.3149866666666666 
3 0.3589452495974235 0.5931066666666667 0.03790660225442837 0.3352266666666666 
3 0.3933937198067633 0.5788133333333334 0.05113526570048313 0.3188 
3 0.42406602254428344 0.5766666666666667 0.035056360708534635 0.2786133333333334 
3 0.31024154589371983 0.5603066666666667 0.02911433172302735 0.2805600000000001 
