3 0.24119162640901773 0.4956933333333333 0.016908212560386472 0.15079999999999996 
3 0.3247504025764895 0.48408 0.01288244766505636 0.10394666666666671 
3 0.06525764895330112 0.5287066666666667 0.037037037037037035 0.2713866666666667 
3 0.2391867954911433 0.46619999999999995 0.012077294685990338 0.10701333333333332 
0 0.4624315619967793 0.4782533333333333 0.01927536231884053 0.04877333333333339 
0 0.8171054750402577 0.5466533333333333 0.08715780998389694 0.12850666666666666 
0 0.8812359098228663 0.5500133333333334 0.09736714975845416 0.12301333333333332 
0 0.9341505636070855 0.5517066666666667 0.1011030595813204 0.12458666666666667 
3 0.03270128824476651 0.5306666666666666 0.03039452495974235 0.2507733333333334 
3 0.26454106280193235 0.46882666666666667 0.011272141706924315 0.11418666666666664 
3 0.2501892109500805 0.47389333333333333 0.009122383252818023 0.10053333333333331 
3 0.11717793880837359 0.52992 0.027914653784219014 0.23455999999999994 
3 0.07439210950080516 0.5169466666666667 0.024694041867954913 0.23901333333333333 
3 0.5929549114331724 0.6308666666666667 0.06038647342995169 0.3953866666666666 
3 0.7423752012882447 0.59276 0.06360708534621579 0.40226666666666655 
5 0.38274959742351045 0.49608 0.014565217391304373 0.112 
3 0.052061191626409015 0.5200933333333333 0.020933977455716585 0.20648000000000002 
3 0.014066022544283413 0.5134 0.028132045088566825 0.23117333333333331 
0 0.4988607085346216 0.49545333333333336 0.029041867954911472 0.07522666666666669 
3 0.2264130434782609 0.46073333333333333 0.007785829307568451 0.09416000000000001 
3 0.1814814814814815 0.4672133333333333 0.008051529790660225 0.11704000000000003 
3 0.91268115942029 0.5230533333333333 0.00913043478260863 0.09624 
