0 0.47859500805152977 0.5166933333333333 0.026996779388083713 0.08149333333333333 
1 0.0639291465378422 0.5 0.1278582930756844 1.0 
0 0.05887278582930757 0.6804266666666667 0.11774557165861514 0.32634666666666673 
0 0.1722061191626409 0.5990800000000001 0.14351046698872785 0.2306933333333334 
7 0.2745249597423511 0.6856666666666666 0.09115942028985505 0.19160000000000005 
0 0.3205072463768116 0.6134533333333333 0.1074557165861514 0.22050666666666666 
0 0.2805636070853462 0.56248 0.07128824476650565 0.11264000000000002 
0 0.38535426731078903 0.5486666666666666 0.05088566827697261 0.11514666666666669 
0 0.34296296296296297 0.5325733333333332 0.04173913043478259 0.09624 
0 0.40647745571658617 0.5290666666666667 0.03524154589371984 0.08213333333333336 
7 0.4392391304347826 0.49210666666666675 0.019541062801932352 0.07242666666666665 
1 0.2579468599033816 0.5232533333333335 0.06539452495974238 0.12874666666666668 
