0 0.49607890499194846 0.5486133333333333 0.04328502415458937 0.11781333333333335 
0 0.09742753623188405 0.74864 0.1948550724637681 0.4973866666666667 
0 0.29472624798711755 0.59984 0.15096618357487923 0.22896000000000002 
0 0.33193236714975843 0.5722666666666667 0.11533011272141708 0.1906133333333333 
0 0.3712721417069243 0.5444533333333333 0.08478260869565214 0.12250666666666667 
1 0.39853864734299516 0.4929333333333334 0.09559581320450887 0.17456000000000002 
3 0.6339935587761675 0.5835199999999999 0.02576489533011272 0.21541333333333326 
0 0.8980555555555555 0.6090666666666666 0.20227858293075685 0.2799999999999999 
1 0.5255032206119162 0.4889466666666667 0.02355072463768116 0.07821333333333337 
0 0.4934178743961353 0.51944 0.027270531400966188 0.08240000000000001 
1 0.4195370370370371 0.5103733333333333 0.07037842190016101 0.10042666666666666 
1 0.9869524959742352 0.5318666666666666 0.02448470209339781 0.34789333333333333 
0 0.13331723027375203 0.5318799999999999 0.10648953301127213 0.14408 
0 0.2028985507246377 0.5285333333333333 0.06486312399355876 0.0895466666666667 
3 0.22473027375201288 0.5104266666666667 0.011537842190016091 0.1085333333333333 
2 0.3253864734299517 0.48303999999999997 0.05220611916264093 0.12111999999999996 
