3 0.881376811594203 0.6887599999999999 0.09383252818035424 0.59048 
3 0.6819484702093398 0.5857066666666666 0.041658615136876014 0.3976 
3 0.6972987117552335 0.5813466666666667 0.03723832528180354 0.38333333333333336 
3 0.5326771336553946 0.4587866666666666 0.01664251207729465 0.16216 
3 0.2419001610305958 0.5301733333333333 0.03193236714975843 0.32375999999999994 
3 0.4051207729468599 0.4952533333333334 0.018035426731078934 0.17141333333333333 
3 0.4250483091787439 0.49044000000000004 0.01932367149758454 0.18327999999999997 
3 0.8823389694041867 0.6417866666666667 0.07406602254428342 0.47808 
3 0.3667471819645733 0.48674666666666666 0.02017713365539448 0.20976000000000006 
3 0.34557971014492755 0.46898666666666666 0.020547504025764926 0.18912000000000004 
3 0.3402053140096618 0.4723866666666666 0.019476650563607083 0.1915466666666667 
3 0.5062721417069243 0.4470666666666666 0.0119484702093398 0.14405333333333337 
1 0.10793478260869566 0.492 0.2158695652173913 0.984 
