0 0.4737037037037036 0.5175466666666666 0.02690821256038644 0.08122666666666668 
0 0.02070048309178744 0.7147199999999999 0.04140096618357488 0.3410133333333332 
0 0.13281400966183576 0.7826000000000001 0.2656280193236715 0.4348 
0 0.17638083735909824 0.6147866666666667 0.14528985507246378 0.2230666666666667 
0 0.25745571658615135 0.5684133333333333 0.07549114331723027 0.13282666666666668 
0 0.3401006441223832 0.5797066666666666 0.08185990338164252 0.15584000000000006 
1 0.4029106280193237 0.49450666666666665 0.04855877616747187 0.1717866666666667 
0 0.42466988727858296 0.5211466666666666 0.024702093397745532 0.06485333333333332 
0 0.09540257648953301 0.5758133333333334 0.13673107890499195 0.18522666666666668 
0 0.2585144927536232 0.5401333333333334 0.06347020933977454 0.11226666666666665 
