3 0.7 0.6706933333333334 0.08975845410628021 0.6266133333333334 
3 0.6713244766505637 0.68204 0.10854267310789055 0.60392 
3 0.39734702093397745 0.6345466666666666 0.06479066022544286 0.52392 
3 0.3197624798711755 0.6339866666666667 0.07176328502415459 0.60776 
3 0.735378421900161 0.6962933333333333 0.09975845410628018 0.5754133333333333 
3 0.43377616747181963 0.47742666666666667 0.01864734299516915 0.1820533333333333 
3 0.42998389694041866 0.44267999999999996 0.01927536231884053 0.17170666666666662 
3 0.443743961352657 0.45772 0.010740740740740674 0.15117333333333333 
3 0.47473832528180354 0.4589333333333333 0.01469404186795491 0.1437866666666667 
5 0.34147342995169083 0.44544000000000006 0.040885668276972605 0.14592 
