0 0.6070531400966184 0.6072533333333334 0.08874396135265702 0.20368000000000006 
0 0.07377616747181964 0.6569733333333334 0.14755233494363929 0.35128000000000004 
0 0.2728462157809984 0.6723733333333333 0.16949275362318839 0.3357333333333333 
0 0.38131642512077296 0.5629333333333333 0.06487117552334944 0.15834666666666666 
0 0.5453099838969405 0.5361066666666667 0.04119967793880834 0.10159999999999998 
0 0.2576288244766506 0.5727466666666666 0.0857729468599034 0.15376000000000006 
0 0.4086392914653784 0.54292 0.044251207729468583 0.106 
0 0.3309098228663446 0.5412266666666666 0.049355877616747194 0.09632000000000002 
0 0.36793075684380033 0.52884 0.03349436392914651 0.07287999999999996 
0 0.4368679549114331 0.5177066666666666 0.021433172302737523 0.05359999999999999 
1 0.3998872785829307 0.50032 0.025104669887278587 0.06314666666666668 
0 0.4830314009661835 0.5123866666666667 0.01955716586151375 0.06093333333333332 
0 0.5123148148148148 0.5101733333333334 0.01628824476650565 0.04887999999999996 
0 0.5031723027375202 0.5073466666666666 0.01487922705314002 0.04280000000000003 
1 0.046155394524959745 0.49256 0.09231078904991949 0.17967999999999998 
