0 0.47854669887278584 0.5145333333333333 0.026867954911433175 0.08111999999999997 
1 0.09888486312399355 0.5 0.1977697262479871 1.0 
0 0.19961352657004833 0.5864933333333333 0.12441223832528181 0.20776 
7 0.29542270531400966 0.6642533333333333 0.07966988727858292 0.16994666666666663 
0 0.33400563607085343 0.6008666666666667 0.0953220611916264 0.19959999999999997 
0 0.2910547504025765 0.5571200000000001 0.06615136876006439 0.1058666666666667 
0 0.3894927536231884 0.5439733333333333 0.04801932367149762 0.10911999999999997 
0 0.40898148148148145 0.5274 0.033711755233494366 0.07912000000000004 
7 0.4399194847020934 0.49188 0.019066022544283464 0.07079999999999996 
1 0.2669927536231884 0.5182 0.0615217391304348 0.12327999999999997 
