0 0.9328059581320451 0.5581466666666667 0.10379227053140103 0.1366133333333333 
0 0.8813969404186796 0.5555466666666666 0.10000805152979068 0.1300266666666667 
0 0.8138969404186795 0.55452 0.09326892109500799 0.14002666666666663 
0 0.4988083735909823 0.5008666666666667 0.027423510466988685 0.08088000000000004 
5 0.4988164251207729 0.5886933333333333 0.0733977455716586 0.3081066666666666 
5 0.5474235104669887 0.5641200000000001 0.0806924315619968 0.29469333333333336 
5 0.3642793880837359 0.5166933333333333 0.02416264090177133 0.1375466666666667 
3 0.15390901771336554 0.4606266666666667 0.012342995169082114 0.12658666666666665 
3 0.046807568438003225 0.5228533333333333 0.03590177133655395 0.27343999999999996 
3 0.18492753623188407 0.49142666666666673 0.020466988727858283 0.16024000000000002 
3 0.16221014492753624 0.48257333333333324 0.018317230273752014 0.16290666666666667 
3 0.615805152979066 0.62236 0.050740740740740725 0.4440266666666666 
3 0.6447061191626409 0.6084133333333333 0.04960547504025766 0.41565333333333326 
3 0.7298228663446055 0.6149066666666666 0.06597423510466983 0.4826666666666666 
3 0.7288486312399356 0.6597466666666667 0.07175523349436393 0.5444 
