0 0.4804830917874396 0.5282533333333334 0.03925925925925925 0.1185333333333333 
1 0.11817632850241547 0.5517466666666667 0.23635265700483093 0.8965066666666667 
0 0.22603864734299517 0.57764 0.0961352657004831 0.1684533333333333 
0 0.3440378421900161 0.5537333333333333 0.0857729468599034 0.19866666666666666 
0 0.3240780998389694 0.53344 0.05361513687600647 0.10053333333333331 
0 0.39567632850241546 0.5289066666666666 0.040998389694041834 0.09328000000000004 
1 0.4211835748792271 0.4876933333333333 0.034991948470209366 0.11927999999999997 
0 0.43715780998389697 0.5022 0.020740740740740733 0.05938666666666669 
0 0.25654589371980674 0.53352 0.05677938808373589 0.09967999999999999 
7 0.08924718196457326 0.5897733333333334 0.17849436392914653 0.49309333333333333 
