5 0.6592230273752013 0.5792533333333333 0.05028180354267314 0.2234666666666667 
5 0.4667471819645733 0.6102133333333333 0.04985507246376808 0.2733866666666666 
3 0.5170008051529791 0.54232 0.011006441223832587 0.09829333333333337 
3 0.10134057971014493 0.5521733333333333 0.015837359098228653 0.15682666666666667 
3 0.12155797101449275 0.5510933333333334 0.0166425120772947 0.13493333333333332 
5 0.4748268921095008 0.5361866666666667 0.027608695652173883 0.10351999999999999 
3 0.24432367149758452 0.5515866666666667 0.015571658615136902 0.14045333333333337 
3 0.2313446054750403 0.5506933333333333 0.017181964573268902 0.11978666666666664 
3 0.46753220611916263 0.5288533333333333 0.014758454106280227 0.11184 
3 0.4853099838969404 0.5457733333333333 0.009396135265700541 0.1115466666666667 
