0 0.4954227053140097 0.5598533333333333 0.06285829307568443 0.1896266666666667 
0 0.09369162640901771 0.7442666666666667 0.18738325281803542 0.5114666666666667 
0 0.17623590982286633 0.6035333333333333 0.13770531400966182 0.202 
0 0.31129227053140096 0.6068666666666667 0.1145169082125604 0.24242666666666657 
0 0.38370772946859905 0.5434533333333333 0.04970209339774559 0.11 
0 0.41298711755233497 0.52188 0.03768115942028991 0.08616 
7 0.4294685990338164 0.46064000000000005 0.04650563607085346 0.16101333333333331 
7 0.4530676328502416 0.45948 0.020853462157809966 0.09640000000000001 
0 0.17505233494363928 0.5621200000000001 0.10321256038647343 0.13853333333333337 
0 0.24055958132045085 0.53932 0.06140901771336557 0.1022133333333333 
1 0.34579307568438006 0.49854666666666664 0.03282608695652177 0.07624 
0 0.5208373590982287 0.49984 0.01597423510466982 0.039839999999999993 
