0 0.4581763285024155 0.53208 0.04113526570048312 0.12421333333333329 
0 0.328756038647343 0.6131866666666667 0.11076489533011276 0.26525333333333334 
0 0.18673107890499197 0.59804 0.1262962962962963 0.19997333333333328 
1 0.07252818035426731 0.5539866666666666 0.14505636070853462 0.24424 
0 0.36113123993558777 0.5600266666666667 0.05504830917874397 0.13520000000000004 
0 0.2789090177133655 0.5518533333333333 0.06390499194847017 0.11906666666666668 
0 0.20798309178743962 0.54096 0.06419484702093399 0.10079999999999996 
1 0.3424476650563607 0.4961466666666667 0.04035426731078905 0.13010666666666665 
7 0.396694847020934 0.48514666666666667 0.040072463768115976 0.1443733333333333 
2 0.4139251207729469 0.4651466666666667 0.02116747181964575 0.11157333333333334 
