5 0.7048752012882447 0.541 0.04899355877616749 0.3248266666666666 
3 0.6143156199677939 0.5855466666666667 0.0426731078904992 0.32629333333333327 
7 0.20210950080515297 0.6825333333333333 0.1571819645732689 0.6029333333333333 
5 0.423719806763285 0.5114533333333334 0.03592592592592597 0.15095999999999996 
3 0.7548148148148148 0.504 0.027375201288244767 0.26016 
3 0.5585748792270532 0.47913333333333336 0.01288244766505636 0.13672000000000004 
3 0.565036231884058 0.4816000000000001 0.008574879227053122 0.11589333333333335 
3 0.577463768115942 0.4701066666666667 0.008454106280193236 0.11781333333333335 
3 0.5805072463768116 0.47081333333333336 0.00966183574879227 0.12882666666666667 
3 0.5924194847020935 0.4646666666666667 0.018784219001610338 0.13850666666666667 
