0 0.34469404186795494 0.5916133333333334 0.11165861513687601 0.23997333333333334 
5 0.8633977455716586 0.45977333333333337 0.07795491143317235 0.2032266666666667 
5 0.7872504025764895 0.45672 0.05622383252818029 0.16383999999999999 
3 0.4540418679549114 0.5111600000000001 0.0249597423510467 0.16919999999999996 
5 0.6290338164251208 0.46898666666666666 0.034267310789049876 0.10394666666666671 
3 0.333731884057971 0.5180933333333333 0.0182850241545894 0.1905333333333333 
5 0.6928784219001611 0.4653733333333333 0.022471819645732662 0.11629333333333329 
3 0.1792512077294686 0.5449733333333333 0.017214170692431557 0.1453066666666667 
3 0.17599436392914655 0.5514133333333333 0.020378421900161033 0.13994666666666672 
5 0.26086151368760063 0.5428933333333332 0.062914653784219 0.1844533333333333 
3 0.2349597423510467 0.54184 0.0231561996779388 0.1445333333333333 
3 0.21279790660225445 0.5502666666666667 0.026867954911433175 0.17770666666666662 
3 0.3012399355877617 0.5183466666666666 0.01925925925925927 0.17967999999999998 
0 0.9411755233494364 0.4265333333333333 0.08705314009661827 0.10378666666666664 
0 0.8621014492753624 0.4543733333333333 0.09864734299516907 0.08784000000000007 
