3 0.47230273752012886 0.51444 0.015297906602254429 0.1590133333333333 
3 0.48781400966183575 0.51084 0.014227053140096677 0.1665333333333333 
3 0.41008454106280195 0.6271333333333333 0.06306763285024153 0.4494666666666666 
3 0.9645933977455717 0.5914266666666665 0.055289855072463645 0.4646133333333333 
3 0.41784219001610307 0.5356666666666666 0.025764895330112766 0.19981333333333334 
3 0.4271135265700483 0.6037333333333332 0.04696457326892108 0.30933333333333324 
0 0.17300322061191628 0.6727066666666667 0.34600644122383256 0.64392 
3 0.7581723027375201 0.5810666666666667 0.071658615136876 0.43754666666666664 
0 0.34074879227053145 0.5064666666666667 0.08096618357487922 0.21650666666666665 
1 0.3739653784219002 0.4962266666666666 0.049524959742351084 0.15927999999999998 
