0 0.4782407407407407 0.5144266666666667 0.03395330112721414 0.10250666666666666 
0 0.09739533011272142 0.7804533333333333 0.19479066022544284 0.43909333333333334 
0 0.08764090177133654 0.6282933333333334 0.1752818035426731 0.25802666666666674 
0 0.2481642512077295 0.6242266666666666 0.14790660225442834 0.26765333333333324 
1 0.2661111111111111 0.5382533333333334 0.08265700483091785 0.17064000000000001 
7 0.3607085346215781 0.52264 0.07064412238325282 0.22853333333333337 
1 0.38523752012882445 0.5026133333333334 0.06475845410628016 0.20053333333333337 
0 0.31107085346215785 0.5381733333333333 0.048695652173913015 0.09512000000000004 
0 0.4146537842190016 0.5042533333333333 0.03318840579710147 0.09010666666666672 
0 0.4268639291465378 0.5050133333333333 0.0226167471819646 0.05616000000000001 
1 0.43830917874396136 0.47794666666666674 0.021578099838969366 0.07909333333333332 
0 0.18341384863123994 0.5553466666666667 0.09450885668276972 0.13698666666666667 
