3 0.2065499194847021 0.7081466666666667 0.1527777777777778 0.57304 
3 0.256719001610306 0.7248666666666667 0.06902576489533008 0.5396 
3 0.13242351046698872 0.7266933333333333 0.060772946859903386 0.5359466666666667 
3 0.11870772946859903 0.6902266666666667 0.057528180354267315 0.4386933333333332 
3 0.3260668276972625 0.6512 0.05237520128824478 0.4446399999999999 
3 0.14627214170692432 0.7097866666666667 0.048808373590982265 0.4544533333333333 
3 0.27938808373590984 0.65744 0.062479871175523366 0.4230933333333333 
0 0.3089855072463768 0.6073999999999999 0.11687600644122381 0.2640266666666666 
5 0.3982487922705314 0.53116 0.025756843800322067 0.18802666666666665 
3 0.5489492753623189 0.50648 0.0197181964573269 0.16581333333333334 
3 0.439158615136876 0.5127466666666667 0.010748792270531419 0.12197333333333336 
3 0.4478945249597424 0.5080399999999999 0.012826086956521699 0.12733333333333333 
