3 0.08219001610305958 0.7031733333333333 0.16438003220611916 0.5829866666666667 
3 0.16628019323671497 0.7279200000000001 0.0735426731078905 0.5334933333333334 
3 0.03679549114331723 0.7262266666666666 0.07359098228663447 0.53688 
3 0.27193236714975844 0.6766266666666667 0.06682769726247988 0.49405333333333334 
3 0.22115136876006442 0.6824133333333333 0.053945249597423535 0.46589333333333327 
0 0.2851932367149759 0.6286 0.13412238325281803 0.2946400000000001 
5 0.3876449275362319 0.54816 0.030845410628019324 0.22528000000000004 
3 0.5500362318840579 0.51112 0.018784219001610248 0.17818666666666672 
3 0.43132850241545895 0.5124666666666667 0.01288244766505636 0.1237066666666667 
3 0.43756843800322065 0.5081066666666667 0.012608695652173887 0.12890666666666667 
