3 0.2710144927536232 0.48008 0.01288244766505636 0.10960000000000006 
3 0.353280998389694 0.4782133333333334 0.006706924315619955 0.08117333333333333 
3 0.2673107890499195 0.46052 0.008051529790660225 0.08696000000000004 
0 0.8172785829307568 0.5466533333333333 0.08719806763285029 0.12850666666666666 
0 0.8814170692431562 0.5500133333333334 0.09740740740740743 0.12306666666666669 
0 0.934231078904992 0.55172 0.10094202898550717 0.12461333333333331 
3 0.2893317230273752 0.4583733333333333 0.009935587761674698 0.09295999999999996 
3 0.28950080515297905 0.5517466666666666 0.025233494363929174 0.21474666666666667 
3 0.36892109500805154 0.5429866666666667 0.027648953301127238 0.24101333333333333 
5 0.48345410628019325 0.5316266666666667 0.03457326892109496 0.21253333333333338 
0 0.4989331723027375 0.49545333333333336 0.02905797101449278 0.07522666666666669 
3 0.24471417069243157 0.47088 0.012342995169082159 0.11066666666666666 
3 0.18233091787439612 0.4672133333333333 0.008590982286634451 0.11704000000000003 
3 0.7836634460547504 0.5086533333333333 0.009935587761674743 0.09762666666666671 
