3 0.5469444444444445 0.46452 0.01664251207729465 0.15213333333333337 
3 0.24158615136876008 0.5303866666666667 0.029790660225442835 0.32482666666666665 
3 0.59597423510467 0.5860266666666667 0.04669887278582931 0.4290666666666666 
3 0.5915297906602255 0.5442933333333334 0.04400966183574877 0.36928000000000005 
3 0.5415539452495974 0.5878 0.04428341384863124 0.4195466666666666 
3 0.5314371980676329 0.5989466666666666 0.046159420289855105 0.4359199999999999 
3 0.44644524959742354 0.4827199999999999 0.026304347826087014 0.20837333333333338 
3 0.46892914653784223 0.4754666666666667 0.023880837359098205 0.21882666666666667 
3 0.43918679549114337 0.47510666666666673 0.02254428341384863 0.19192 
3 0.41087761674718193 0.48605333333333334 0.018518518518518472 0.20218666666666665 
3 0.3468035426731079 0.47780000000000006 0.021739130434782608 0.20226666666666665 
3 0.37142109500805154 0.47975999999999996 0.01664251207729465 0.17728000000000005 
3 0.3905112721417069 0.469 0.019589371980676316 0.1989066666666666 
1 0.10777777777777779 0.492 0.21555555555555558 0.984 
