0 0.49902576489533007 0.5749466666666667 0.06895330112721416 0.2078666666666667 
0 0.1686352657004831 0.7238533333333333 0.2317149758454106 0.39864000000000005 
0 0.1313003220611916 0.6187333333333332 0.1713768115942029 0.2486666666666666 
0 0.3356561996779388 0.5827466666666666 0.09422705314009659 0.18703999999999996 
7 0.39057971014492754 0.45721333333333336 0.09104669887278581 0.29016000000000003 
7 0.444573268921095 0.45978666666666673 0.02879227053140096 0.12863999999999995 
0 0.021928341384863125 0.59996 0.04385668276972625 0.20215999999999992 
0 0.21087761674718195 0.54544 0.07847020933977454 0.11221333333333337 
1 0.27445652173913043 0.5048666666666667 0.058671497584541064 0.11832000000000001 
0 0.5508735909822866 0.51308 0.025161030595813205 0.04744000000000005 
