5 0.9339331723027374 0.5151199999999999 0.09649758454106273 0.28117333333333333 
3 0.7963083735909823 0.48164 0.019074074074074118 0.17378666666666664 
3 0.09395732689210949 0.64288 0.18791465378421898 0.68224 
3 0.06051127214170692 0.6180666666666667 0.12102254428341384 0.7318666666666667 
3 0.5935265700483092 0.5486933333333333 0.03114331723027371 0.24773333333333336 
5 0.7252576489533011 0.5144133333333333 0.07115942028985507 0.21208 
5 0.9510748792270532 0.49119999999999997 0.06725442834138484 0.22368 
3 0.8522342995169081 0.5359866666666667 0.03522544283413848 0.3149066666666668 
3 0.8728542673107891 0.53484 0.03588566827697257 0.3798133333333333 
3 0.860559581320451 0.5525466666666666 0.02582125603864729 0.2992266666666667 
1 0.4834702093397746 0.45661333333333337 0.015346215780998346 0.05743999999999998 
