5 0.6502093397745571 0.5794266666666668 0.04974235104669894 0.2230133333333334 
5 0.4288969404186795 0.6274666666666667 0.057938808373590965 0.3114666666666666 
3 0.4937600644122383 0.5428133333333334 0.01288244766505636 0.09997333333333336 
3 0.053212560386473436 0.5569733333333333 0.014895330112721417 0.16706666666666667 
3 0.07016505636070855 0.55856 0.016642512077294686 0.14389333333333335 
5 0.4574476650563607 0.53532 0.02760064412238323 0.10418666666666665 
3 0.1976570048309179 0.5584133333333333 0.017713365539452495 0.1490933333333334 
3 0.19087761674718196 0.5558666666666666 0.014492753623188406 0.12736000000000006 
3 0.4403703703703704 0.5285066666666667 0.01476650563607088 0.11493333333333339 
3 0.4626127214170693 0.5505466666666666 0.014758454106280227 0.11474666666666666 
