0 0.437024959742351 0.512 0.018107890499194854 0.047786666666666706 
0 0.5068599033816426 0.5796533333333334 0.0774557165861514 0.20042666666666667 
0 0.12519726247987117 0.6929200000000001 0.20482286634460548 0.33704000000000006 
1 0.0796256038647343 0.57864 0.1592512077294686 0.27168 
0 0.2511433172302738 0.6009866666666667 0.0977133655394525 0.18896000000000004 
0 0.40944444444444444 0.54552 0.04003220611916262 0.12405333333333336 
0 0.29591384863123993 0.5542133333333333 0.06105475040257648 0.12320000000000005 
0 0.2191747181964573 0.5534533333333334 0.07216586151368758 0.1209866666666666 
0 0.33574074074074073 0.5293733333333333 0.03444444444444442 0.08013333333333329 
1 0.2555515297906602 0.5156266666666667 0.05364734299516908 0.11829333333333329 
0 0.34734702093397746 0.5201066666666666 0.02646537842190012 0.06416000000000001 
1 0.365768921095008 0.4942133333333333 0.02140901771336552 0.08490666666666667 
7 0.4013768115942029 0.48605333333333334 0.026763285024154596 0.10416 
