0 0.4715458937198068 0.5328133333333334 0.03779388083735905 0.11410666666666665 
0 0.03523752012882448 0.6762533333333334 0.07047504025764896 0.3953866666666667 
0 0.2980434782608695 0.66272 0.16922705314009662 0.3696 
0 0.21055958132045088 0.5926533333333334 0.11429146537842191 0.18792000000000006 
0 0.06986312399355878 0.5903866666666667 0.13972624798711755 0.19144000000000005 
0 0.39181159420289857 0.54996 0.05426731078904995 0.12711999999999996 
0 0.35450080515297905 0.5297466666666667 0.040241545893719775 0.082 
0 0.4247101449275362 0.5272933333333334 0.033043478260869535 0.07784000000000008 
1 0.4405515297906602 0.48238666666666663 0.019782608695652213 0.07976 
0 0.19412238325281805 0.55524 0.08355877616747182 0.12968 
