0 0.46328099838969405 0.5128266666666667 0.01739935587761676 0.049066666666666606 
0 0.08322061191626409 0.7561466666666666 0.16644122383252818 0.4877066666666666 
0 0.5649194847020935 0.60632 0.10215780998389694 0.24570666666666663 
0 0.2500966183574879 0.6238266666666666 0.11893719806763287 0.22381333333333328 
1 0.1599718196457327 0.5625866666666667 0.13421095008051528 0.2242133333333333 
0 0.31781400966183576 0.5763466666666667 0.06915458937198071 0.14735999999999996 
0 0.4391384863123993 0.5404933333333334 0.03742351046698874 0.11485333333333332 
0 0.341207729468599 0.5441066666666667 0.0486634460547504 0.1053866666666667 
0 0.2654830917874396 0.5472133333333333 0.06141706924315622 0.1087733333333333 
0 0.3700644122383253 0.5275466666666666 0.028888888888888884 0.07237333333333337 
1 0.2963244766505636 0.51548 0.046175523349436365 0.10759999999999999 
0 0.3794524959742351 0.51692 0.02322061191626407 0.05874666666666667 
1 0.3928341384863124 0.49512000000000006 0.018615136876006445 0.07914666666666662 
7 0.42816425120772944 0.48977333333333334 0.025233494363929174 0.09885333333333332 
