3 0.209561191626409 0.6256266666666667 0.037576489533011286 0.3631466666666666 
3 0.1605636070853462 0.6113466666666667 0.04911433172302738 0.4212 
3 0.31431159420289856 0.6537466666666667 0.056095008051529754 0.4837600000000001 
5 0.8247584541062801 0.61204 0.062367149758454046 0.29816 
5 0.9513848631239935 0.5680933333333333 0.03347826086956534 0.1702133333333333 
3 0.5813929146537842 0.5054133333333334 0.009388083735909797 0.10954666666666663 
3 0.5937842190016103 0.5144933333333334 0.010740740740740766 0.09522666666666661 
5 0.799182769726248 0.5210666666666666 0.0378341384863124 0.11306666666666668 
3 0.8981280193236715 0.5229600000000001 0.010732689210950205 0.11552000000000005 
3 0.9252979066022544 0.5449066666666667 0.01932367149758454 0.11808 
