0 0.47808776167471817 0.5119733333333334 0.034259259259259225 0.10341333333333334 
0 0.06258856682769726 0.7924933333333334 0.1251771336553945 0.41501333333333335 
0 0.07284621578099838 0.64932 0.14569243156199677 0.29229333333333335 
0 0.21897745571658614 0.6455466666666667 0.1752173913043478 0.3058133333333333 
1 0.24958132045088569 0.5409733333333333 0.09178743961352659 0.18418666666666664 
7 0.35203703703703704 0.5264800000000001 0.07684380032206119 0.24581333333333336 
1 0.3796618357487923 0.5045866666666666 0.0695008051529791 0.2129066666666666 
0 0.3017954911433173 0.54052 0.05257648953301128 0.1006133333333333 
0 0.4123389694041868 0.5050666666666666 0.03464573268921093 0.09343999999999998 
0 0.42576086956521747 0.50676 0.023293075684379994 0.0576266666666667 
1 0.43754428341384866 0.47784 0.022125603864734222 0.08080000000000002 
0 0.1655112721417069 0.5607466666666666 0.10321256038647345 0.14576000000000006 
