3 0.22575684380032204 0.5342933333333334 0.026022544283413843 0.2428266666666666 
0 0.4604428341384863 0.48092 0.02222222222222215 0.06397333333333335 
3 0.26903381642512075 0.49884 0.019098228663446078 0.14674666666666666 
3 0.11661433172302738 0.5130266666666666 0.029251207729468598 0.22749333333333335 
3 0.1725805152979066 0.47716000000000003 0.02128019323671498 0.13768 
0 0.5566223832528181 0.5374 0.11833333333333326 0.14050666666666667 
0 0.8169283413848631 0.54664 0.08712560386473434 0.12848 
0 0.8810466988727859 0.55 0.09732689210950089 0.12298666666666667 
0 0.9340660225442835 0.5517066666666667 0.10127214170692429 0.12458666666666667 
3 0.10902979066022543 0.5162133333333333 0.024291465378421903 0.2104533333333333 
3 0.18454106280193236 0.4734933333333333 0.028115942028985496 0.15232 
3 0.17504025764895328 0.47939999999999994 0.01727858293075685 0.13389333333333336 
3 0.20106682769726247 0.5017199999999999 0.016159420289855068 0.16141333333333333 
3 0.17584541062801934 0.49124 0.018582930756843787 0.16786666666666664 
5 0.42625201288244763 0.4640933333333333 0.00617552334943636 0.05629333333333337 
3 0.1668035426731079 0.4955333333333333 0.011980676328502434 0.14247999999999994 
3 0.14740338164251207 0.4927866666666667 0.019138486312399363 0.15842666666666666 
0 0.4987842190016103 0.49545333333333336 0.029033816425120727 0.07522666666666669 
3 0.18438003220611915 0.4672133333333333 0.012045088566827681 0.1169866666666666 
