0 0.47699677938808377 0.513 0.03191626409017712 0.09634666666666665 
0 0.09695249597423511 0.7653866666666667 0.19390499194847022 0.4692266666666667 
0 0.09492753623188406 0.6366266666666667 0.18985507246376812 0.2632266666666666 
0 0.30340579710144927 0.614 0.11223832528180352 0.21557333333333334 
0 0.25527375201288244 0.5557066666666667 0.07903381642512075 0.13738666666666668 
0 0.3501771336553945 0.5497333333333333 0.0663768115942029 0.14080000000000004 
7 0.39938808373590984 0.5027333333333333 0.04454106280193241 0.1526133333333333 
1 0.41049919484702097 0.4899333333333334 0.04333333333333333 0.14226666666666665 
0 0.4272946859903382 0.4998666666666666 0.02549114331723025 0.07216 
1 0.4421135265700483 0.47864 0.018268921095008096 0.06864000000000002 
0 0.03615136876006441 0.60172 0.07230273752012882 0.23341333333333342 
