0 0.932962962962963 0.55908 0.1034782608695652 0.13671999999999995 
0 0.8814170692431562 0.5554666666666667 0.10024154589371981 0.1300266666666667 
0 0.8138566827697262 0.5546533333333333 0.09330112721417069 0.14008 
0 0.49883252818035423 0.5007333333333334 0.02743961352657008 0.08087999999999995 
5 0.38962157809983894 0.5200933333333333 0.02954911433172302 0.15170666666666663 
5 0.41031400966183573 0.48934666666666665 0.012818035426731137 0.07943999999999998 
3 0.15901771336553946 0.4601466666666667 0.013945249597423505 0.12616 
3 0.1615136876006441 0.5051733333333334 0.027375201288244767 0.19973333333333326 
5 0.7096698872785829 0.5788666666666666 0.09539452495974236 0.40936 
3 0.21085346215780998 0.48081333333333337 0.01557165861513688 0.1386933333333333 
3 0.18502012882447666 0.47644000000000003 0.019057971014492744 0.1404533333333333 
3 0.45158212560386474 0.5918266666666667 0.04454911433172297 0.3363999999999999 
3 0.48292270531400966 0.5669866666666666 0.0430756843800322 0.3210133333333333 
3 0.5286795491143317 0.5807066666666666 0.042141706924315556 0.36541333333333326 
3 0.8479710144927537 0.6685733333333334 0.10144927536231893 0.5738933333333333 
3 0.8618921095008052 0.6512399999999999 0.0955394524959742 0.5009333333333333 
3 0.6507689210950081 0.6573066666666667 0.0866908212560387 0.5387733333333333 
3 0.6799476650563607 0.6468266666666667 0.05501610305958126 0.4964266666666667 
3 0.6892149758454106 0.6332266666666666 0.04857487922705308 0.41957333333333335 
3 0.5003703703703704 0.6079066666666666 0.0571658615136876 0.3959733333333333 
