3 0.5778341384863125 0.6069733333333334 0.028711755233494337 0.3039200000000001 
3 0.36632850241545895 0.5707333333333333 0.0322061191626409 0.2254133333333334 
3 0.3332407407407407 0.5710666666666667 0.019589371980676316 0.21381333333333336 
3 0.6686473429951691 0.5521066666666667 0.021465378421900137 0.21306666666666668 
3 0.6478582930756843 0.5478799999999999 0.020933977455716585 0.2089866666666666 
3 0.5341827697262479 0.5447733333333334 0.020394524959742383 0.18127999999999997 
3 0.5968478260869566 0.6070933333333334 0.02280998389694045 0.2810133333333334 
3 0.5636352657004832 0.58304 0.03475845410628016 0.22341333333333327 
3 0.6254468599033817 0.5520533333333333 0.023615136876006474 0.22405333333333335 
3 0.6348953301127214 0.53072 0.01740740740740741 0.18853333333333339 
0 0.4671779388083735 0.5205599999999999 0.034307568438003234 0.08895999999999996 
3 0.03633252818035427 0.6468533333333333 0.04643317230273752 0.3446933333333333 
