0 0.47787439613526567 0.5137866666666667 0.027745571658615166 0.08378666666666663 
0 0.04201288244766506 0.6616266666666667 0.08402576489533012 0.3576000000000001 
7 0.0636755233494364 0.8580399999999999 0.1273510466988728 0.28392000000000006 
0 0.17763687600644124 0.7509733333333334 0.26121578099838966 0.45896000000000003 
0 0.20008856682769727 0.59884 0.11537842190016104 0.16445333333333337 
0 0.35316022544283415 0.5759333333333333 0.07380837359098226 0.15896000000000005 
0 0.3075040257648953 0.5377466666666667 0.05673107890499193 0.12045333333333337 
0 0.39019323671497586 0.5391866666666667 0.045539452495974235 0.10173333333333334 
0 0.41528985507246374 0.5276266666666667 0.03066022544283417 0.07184000000000007 
7 0.43528985507246376 0.4934 0.022286634460547555 0.08184 
0 0.03911835748792271 0.6127333333333332 0.07823671497584542 0.20727999999999996 
1 0.1962037037037037 0.5332 0.09411433172302737 0.1666133333333333 
