3 0.33267713365539453 0.6932266666666668 0.050732689210950074 0.3917866666666667 
3 0.740901771336554 0.58612 0.03618357487922701 0.2765066666666667 
3 0.2849677938808373 0.6396533333333333 0.029629629629629638 0.3378666666666667 
3 0.39394927536231883 0.5941066666666667 0.034355877616747195 0.2594666666666667 
3 0.6415056360708534 0.55228 0.028679549114331637 0.22904000000000005 
3 0.48223027375201294 0.5452 0.02123993558776167 0.1789333333333333 
3 0.45056763285024154 0.5392933333333334 0.014033816425120825 0.1487733333333333 
3 0.45989533011272143 0.5238133333333334 0.012753623188405823 0.13701333333333332 
3 0.5664653784219001 0.5254800000000001 0.013027375201288204 0.14850666666666665 
1 0.8977858293075686 0.49733333333333335 0.00260869565217392 0.9946666666666667 
