0 0.22266505636070855 0.7359466666666667 0.25671497584541064 0.49429333333333336 
3 0.5233011272141708 0.52876 0.04400966183574877 0.2454666666666667 
5 0.79170692431562 0.4569333333333334 0.043526570048309225 0.12325333333333333 
3 0.3348510466988728 0.5552666666666667 0.040797101449275376 0.28621333333333326 
5 0.7489573268921095 0.47 0.025000000000000053 0.1488533333333333 
3 0.11833735909822866 0.5727599999999999 0.019589371980676316 0.19949333333333333 
3 0.10555555555555556 0.5834533333333334 0.02576489533011272 0.19485333333333338 
5 0.28990338164251206 0.5666399999999999 0.08054750402576487 0.24719999999999998 
3 0.06993961352657005 0.5927866666666667 0.034082125603864734 0.20658666666666659 
3 0.02360708534621578 0.59608 0.03784219001610306 0.2594133333333334 
3 0.15572463768115943 0.56124 0.026296296296296293 0.2508 
0 0.9413285024154591 0.458 0.08674718196457328 0.1076266666666667 
0 0.38280998389694043 0.47959999999999997 0.024219001610305945 0.05967999999999999 
