0 0.4179347826086957 0.5114266666666667 0.016835748792270507 0.04669333333333331 
0 0.4469806763285024 0.5487466666666667 0.04972624798711754 0.14864000000000002 
0 0.35789452495974233 0.5638933333333334 0.06171497584541061 0.16986666666666664 
0 0.14148953301127212 0.6209066666666666 0.15463768115942028 0.23301333333333324 
0 0.06850241545893719 0.5996533333333334 0.13700483091787438 0.19328000000000004 
0 0.2664492753623188 0.5525466666666666 0.060499194847020925 0.11826666666666664 
1 0.1635708534621578 0.5308933333333333 0.08944444444444442 0.16333333333333333 
0 0.302512077294686 0.53304 0.04014492753623185 0.08549333333333327 
0 0.23603462157809982 0.5350133333333333 0.04311594202898552 0.07797333333333335 
1 0.3389412238325282 0.49384 0.02939613526570052 0.10437333333333329 
7 0.3778623188405797 0.4860933333333333 0.03340579710144928 0.12205333333333329 
