0 0.45051932367149766 0.5372533333333334 0.04401771336553942 0.1329066666666666 
0 0.3435829307568438 0.58784 0.0862962962962963 0.2184533333333333 
0 0.05652173913043478 0.6842400000000001 0.11304347826086956 0.33984 
0 0.22867149758454106 0.5726933333333333 0.09180354267310788 0.1578666666666667 
1 0.11164251207729468 0.5430133333333333 0.12663446054750402 0.20586666666666664 
0 0.36281400966183575 0.5515866666666667 0.04656199677938807 0.11880000000000003 
0 0.29281400966183574 0.5432266666666666 0.052713365539452516 0.10368 
0 0.22049919484702094 0.5382800000000001 0.054637681159420304 0.09058666666666666 
1 0.3434460547504026 0.49506666666666665 0.03526570048309175 0.11887999999999996 
7 0.38826892109500805 0.4849866666666667 0.03732689210950082 0.13482666666666668 
2 0.4031078904991949 0.46624 0.020579710144927585 0.10816 
