3 0.5330917874396135 0.4570933333333334 0.016908212560386472 0.16224 
3 0.24041062801932364 0.5295733333333335 0.028985507246376812 0.32272 
3 0.46692028985507245 0.5506266666666667 0.024694041867954878 0.25815999999999995 
3 0.49442431561996786 0.5416799999999999 0.03677133655394522 0.27557333333333334 
3 0.6016867954911433 0.5153066666666667 0.03327697262479874 0.2597866666666666 
3 0.4389371980676328 0.4928266666666667 0.02254428341384863 0.22725333333333333 
3 0.42243558776167467 0.4805466666666666 0.018784219001610338 0.2073866666666667 
3 0.39353864734299515 0.4806666666666667 0.019589371980676316 0.22138666666666662 
3 0.3669243156199678 0.4842133333333333 0.022818035426731057 0.2262933333333333 
3 0.4588003220611916 0.4466266666666667 0.014219001610305933 0.14408 
3 0.504927536231884 0.45165333333333335 0.01932367149758454 0.14250666666666667 
3 0.3288325281803543 0.4593333333333333 0.017713365539452495 0.1639466666666667 
1 0.1078743961352657 0.492 0.2157487922705314 0.984 
