3 0.5290217391304348 0.462 0.015032206119162608 0.16010666666666673 
3 0.2407045088566828 0.5296 0.029251207729468588 0.32287999999999994 
3 0.5111553945249597 0.6235466666666666 0.03649758454106274 0.3449066666666667 
3 0.5531763285024154 0.58836 0.04045893719806763 0.36194666666666664 
3 0.5435426731078905 0.49565333333333333 0.0249597423510467 0.21914666666666668 
3 0.45344202898550723 0.50368 0.026030595813204542 0.2573866666666666 
3 0.4416304347826087 0.4852533333333334 0.023615136876006384 0.23392 
3 0.4165499194847021 0.49455999999999994 0.02469404186795497 0.2542933333333333 
3 0.4031078904991948 0.49412000000000006 0.02415458937198063 0.25608000000000003 
3 0.484549114331723 0.4441866666666667 0.01341384863123991 0.14074666666666666 
3 0.3719202898550724 0.4717733333333333 0.01986312399355879 0.16413333333333335 
3 0.31098228663446054 0.46398666666666666 0.016908212560386472 0.16535999999999998 
3 0.34064009661835754 0.46266666666666667 0.015563607085346202 0.1673066666666667 
1 0.10784621578099839 0.492 0.21569243156199677 0.984 
