3 0.6083615136876007 0.64516 0.048043478260869535 0.4448266666666666 
3 0.6799677938808374 0.6189466666666666 0.0499194847020934 0.44349333333333335 
3 0.21277375201288243 0.59792 0.04052334943639292 0.31450666666666666 
3 0.5164895330112722 0.5402133333333333 0.018518518518518517 0.20282666666666668 
3 0.6428502415458937 0.5656266666666667 0.03784219001610306 0.30415999999999993 
3 0.9270853462157811 0.6260133333333333 0.09903381642512077 0.5133066666666667 
3 0.9087399355877617 0.5774533333333334 0.04857487922705308 0.3998133333333333 
3 0.30698872785829306 0.5853066666666666 0.0327375201288245 0.27546666666666664 
7 0.2853462157809984 0.6541466666666667 0.049468599033816424 0.18781333333333328 
3 0.281256038647343 0.5845199999999999 0.025233494363929174 0.28520000000000006 
3 0.9025281803542674 0.56036 0.09051529790660232 0.38994666666666666 
0 0.43884863123993556 0.48619999999999997 0.03421900161030596 0.11437333333333337 
0 0.3535668276972625 0.5052666666666668 0.0748792270531401 0.20274666666666666 
1 0.38250402576489534 0.49513333333333337 0.04719806763285025 0.1524533333333333 
