3 0.5512399355877616 0.58964 0.030257648953301068 0.2818399999999999 
3 0.36765297906602257 0.5619466666666667 0.02461352657004835 0.20688000000000004 
3 0.3378582930756844 0.5621466666666667 0.019790660225442867 0.19458666666666666 
4 0.05395330112721417 0.8721333333333333 0.10790660225442834 0.2450666666666666 
3 0.6417149758454106 0.53828 0.02231884057971017 0.18983999999999998 
3 0.609927536231884 0.5327866666666667 0.020386473429951733 0.1870666666666667 
3 0.5207890499194846 0.5379333333333333 0.02086956521739127 0.17570666666666662 
3 0.5813969404186796 0.5939066666666667 0.024516908212560425 0.26744000000000007 
3 0.605378421900161 0.5439866666666667 0.027133655394524996 0.21458666666666668 
3 0.6260668276972625 0.52384 0.02999194847020934 0.18160000000000007 
0 0.4573550724637681 0.5167066666666666 0.033647342995169055 0.08578666666666664 
3 0.0842793880837359 0.6353333333333333 0.05211755233494363 0.3171733333333334 
4 0.13754830917874397 0.77952 0.10226247987117552 0.4007466666666666 
