0 0.4782890499194847 0.5154133333333334 0.02741545893719803 0.0827733333333334 
0 0.08385668276972626 0.6533066666666667 0.1677133655394525 0.33760000000000007 
7 0.16333333333333336 0.7969733333333333 0.158743961352657 0.3117066666666667 
0 0.2583816425120773 0.67272 0.1691304347826087 0.32101333333333326 
0 0.2403220611916264 0.5831333333333334 0.09254428341384863 0.13927999999999996 
0 0.3691062801932367 0.5643733333333333 0.06231884057971013 0.13797333333333328 
0 0.32358695652173913 0.5354533333333333 0.04971819645732689 0.10925333333333333 
0 0.3977254428341385 0.5348933333333333 0.04070048309178745 0.09266666666666666 
0 0.41960547504025775 0.5269199999999999 0.028244766505636103 0.06717333333333332 
7 0.43698470209339774 0.49284 0.021103059581320482 0.07778666666666671 
1 0.2247463768115942 0.5307333333333334 0.08031400966183574 0.14898666666666668 
