0 0.4631964573268921 0.5289333333333334 0.039500805152979115 0.11930666666666669 
0 0.31587761674718196 0.6343733333333333 0.13082125603864736 0.304 
0 0.1481400966183575 0.6206933333333333 0.15961352657004832 0.2375466666666667 
1 0.060495169082125606 0.56204 0.12099033816425121 0.2734133333333333 
0 0.3589210950080515 0.5663066666666667 0.061191626409017714 0.14717333333333332 
0 0.26615539452495973 0.5582533333333334 0.07263285024154592 0.13042666666666675 
0 0.19732286634460547 0.5432800000000001 0.07140901771336557 0.10826666666666665 
1 0.34174315619967793 0.4968933333333333 0.04385668276972627 0.13794666666666663 
7 0.40149758454106277 0.48702666666666666 0.04207729468599033 0.15079999999999996 
2 0.42092592592592587 0.46442666666666665 0.021529790660225406 0.11365333333333334 
