0 0.4814653784219002 0.5246 0.034460547504025725 0.10402666666666664 
0 0.09917471819645732 0.7375866666666667 0.19834943639291464 0.5248266666666667 
0 0.07895330112721417 0.6571866666666667 0.15790660225442835 0.2943733333333333 
0 0.22330917874396136 0.5720266666666667 0.11470209339774555 0.20426666666666665 
0 0.35068438003220614 0.5950533333333333 0.09521739130434782 0.20680000000000004 
0 0.3060426731078905 0.5498933333333332 0.06899355877616747 0.1255466666666667 
0 0.4172866344605475 0.5409333333333334 0.04528180354267312 0.10293333333333332 
0 0.3829347826086957 0.5154 0.03203703703703705 0.06887999999999996 
1 0.44145330112721415 0.4817333333333333 0.023357487922705308 0.09205333333333336 
0 0.023768115942028985 0.6088 0.04753623188405797 0.21861333333333338 
0 0.1196658615136876 0.5751466666666667 0.11917069243156199 0.1646933333333333 
