3 0.6063727858293075 0.6241066666666667 0.0421336553945249 0.3523200000000001 
3 0.3427898550724638 0.5871333333333333 0.030330112721417037 0.2795466666666666 
3 0.28580515297906606 0.5856266666666666 0.02576489533011272 0.2672 
3 0.7253864734299517 0.5751200000000001 0.030595813204508857 0.27738666666666667 
3 0.6926811594202898 0.5678133333333334 0.03542673107890499 0.27354666666666677 
3 0.5365297906602254 0.54208 0.024154589371980676 0.1922133333333333 
3 0.6050322061191626 0.6233333333333333 0.030595813204508857 0.31386666666666674 
3 0.5912479871175523 0.5988133333333333 0.03990338164251212 0.27549333333333326 
3 0.5736151368760065 0.5880266666666667 0.02227053140096616 0.2473066666666667 
3 0.6403140096618357 0.5567866666666668 0.026570048309178744 0.24408 
3 0.6443961352657005 0.53304 0.024154589371980676 0.2018133333333333 
0 0.463623188405797 0.5143733333333333 0.037616747181964505 0.09589333333333336 
