3 0.036557971014492756 0.5827333333333333 0.07311594202898551 0.36344000000000004 
3 0.021328502415458937 0.5668666666666666 0.042657004830917875 0.3557066666666666 
5 0.6593880837359098 0.5497066666666667 0.04143317230273755 0.2989866666666666 
3 0.5005797101449275 0.55424 0.026892109500805134 0.21802666666666665 
7 0.40564412238325276 0.51172 0.023526570048309155 0.16040000000000001 
5 0.38409822866344606 0.50052 0.02434782608695653 0.14103999999999997 
3 0.6449476650563607 0.49251999999999996 0.017769726247987068 0.16818666666666665 
3 0.5436070853462158 0.4695333333333333 0.011561996779388095 0.10216 
3 0.5165901771336554 0.4807733333333334 0.008671497584541048 0.10170666666666671 
3 0.530012077294686 0.47657333333333335 0.009347826086956532 0.10184 
3 0.573816425120773 0.4624400000000001 0.010579710144927526 0.10093333333333332 
3 0.5849275362318841 0.45982666666666666 0.009822866344605512 0.10898666666666668 
