3 0.3007246376811594 0.5717866666666667 0.03676328502415457 0.30773333333333336 
0 0.4563285024154589 0.49887999999999993 0.0365539452495975 0.10181333333333327 
3 0.23764090177133654 0.5102133333333333 0.021739130434782608 0.17658666666666667 
3 0.11719404186795492 0.5133466666666666 0.03005636070853462 0.22791999999999998 
3 0.14170289855072465 0.47488 0.02424315619967795 0.156 
0 0.7544444444444445 0.5605866666666667 0.14259259259259252 0.15376000000000006 
0 0.8168518518518518 0.54664 0.08710144927536219 0.12848 
0 0.8809661835748791 0.55 0.09731078904991941 0.12298666666666667 
0 0.9340297906602255 0.5516933333333333 0.10134460547504016 0.12456000000000002 
3 0.10913848631239936 0.5160399999999999 0.0209339774557166 0.21010666666666664 
3 0.16110305958132043 0.4766533333333333 0.01557165861513688 0.17208 
3 0.1346135265700483 0.4852266666666667 0.020933977455716585 0.15269333333333332 
3 0.21678743961352656 0.49302666666666667 0.015297906602254429 0.142 
3 0.19887278582930756 0.48568 0.014766505636070857 0.14928000000000005 
3 0.1901207729468599 0.4898266666666667 0.011545893719806766 0.12786666666666663 
3 0.1775805152979066 0.48456000000000005 0.016642512077294676 0.14048000000000002 
0 0.4987520128824477 0.49545333333333336 0.02903381642512082 0.07522666666666669 
3 0.1846256038647343 0.4672133333333333 0.009122383252818046 0.1169866666666666 
