3 0.6624194847020933 0.67872 0.058510466988727826 0.5057066666666666 
3 0.734512882447665 0.6701333333333334 0.0754186795491144 0.5202666666666668 
3 0.13127616747181967 0.6843333333333333 0.05501610305958133 0.48744 
3 0.3793599033816425 0.5808133333333334 0.029251207729468588 0.27928000000000003 
3 0.5727777777777777 0.53764 0.026570048309178744 0.20653333333333337 
3 0.7427455716586151 0.5721466666666667 0.06521739130434782 0.31906666666666667 
3 0.9380354267310789 0.56004 0.05367149758454095 0.38424 
3 0.8230434782608695 0.54388 0.033816425120772944 0.2998133333333334 
3 0.384609500805153 0.5479733333333333 0.020668276972624765 0.17776 
7 0.3802214170692432 0.5856 0.027077294685990336 0.11551999999999998 
3 0.36617149758454104 0.5448266666666667 0.01475845410628018 0.18042666666666665 
0 0.45293880837359096 0.48288 0.022801932367149797 0.07631999999999993 
0 0.38641304347826094 0.5106133333333334 0.06161835748792273 0.17488000000000004 
1 0.4080676328502416 0.5042533333333333 0.04046698872785833 0.13639999999999994 
