0 0.46623188405797095 0.5240666666666666 0.03793880837359099 0.11458666666666667 
0 0.2947705314009662 0.66284 0.15799516908212563 0.35607999999999995 
0 0.09777375201288245 0.6525733333333333 0.1955475040257649 0.29117333333333334 
1 0.04355877616747182 0.5670133333333334 0.08711755233494364 0.2804800000000001 
0 0.3542512077294686 0.5737333333333333 0.06827697262479872 0.16085333333333332 
0 0.2508977455716586 0.56596 0.08345410628019322 0.14413333333333328 
0 0.181256038647343 0.5467733333333333 0.08053140096618357 0.11733333333333333 
1 0.3409380032206119 0.49774666666666667 0.04778582930756846 0.14680000000000004 
7 0.40301529790660223 0.4867733333333334 0.04321256038647344 0.1573866666666667 
2 0.4281884057971014 0.4636933333333333 0.02190016103059576 0.11581333333333335 
