0 0.509645732689211 0.5708133333333334 0.06644122383252817 0.19997333333333336 
0 0.07232286634460548 0.7800799999999999 0.14464573268921097 0.43984 
0 0.0663768115942029 0.66376 0.1327536231884058 0.33498666666666677 
0 0.27410628019323674 0.6342800000000001 0.1519967793880837 0.27640000000000003 
7 0.36788244766505634 0.4527866666666667 0.12014492753623186 0.36994666666666665 
7 0.4405394524959742 0.45284 0.03154589371980682 0.14050666666666667 
0 0.15120772946859903 0.5626933333333333 0.10703703703703704 0.14005333333333336 
1 0.24089371980676327 0.5074533333333334 0.0728180354267311 0.13847999999999994 
0 0.5339573268921095 0.5273599999999999 0.026658615136876018 0.07104000000000003 
0 0.5767109500805153 0.5112 0.0247745571658615 0.04549333333333334 
