0 0.4482729468599034 0.53936 0.04524154589371985 0.13658666666666666 
0 0.3477173913043478 0.5799466666666667 0.07880032206119163 0.20394666666666664 
0 0.07437198067632851 0.6832266666666668 0.14874396135265702 0.34581333333333336 
0 0.03305152979066022 0.61232 0.06610305958132044 0.2159466666666667 
0 0.240366344605475 0.5655333333333333 0.08198872785829306 0.14557333333333333 
1 0.12669484702093398 0.53892 0.11538647342995169 0.19335999999999998 
0 0.2955917874396135 0.5402933333333334 0.04909017713365542 0.0984533333333333 
0 0.22483091787439613 0.53736 0.051384863123993534 0.08709333333333333 
1 0.3422181964573269 0.49471999999999994 0.03367954911433171 0.11488000000000004 
7 0.3848671497584541 0.4856266666666667 0.036384863123993555 0.13136000000000006 
2 0.39811594202898554 0.46673333333333333 0.020354267310789074 0.10685333333333331 
