5 0.7861755233494364 0.5044666666666667 0.07117552334943637 0.25773333333333337 
3 0.7805394524959743 0.4735333333333333 0.017858293075684338 0.16893333333333332 
3 0.33170692431562 0.6843466666666667 0.07336553945249598 0.5993066666666667 
3 0.23828099838969405 0.66464 0.08047504025764897 0.5997866666666666 
3 0.30231884057971015 0.65652 0.08075684380032207 0.65496 
3 0.6464130434782609 0.5182 0.02938003220611917 0.22552000000000005 
5 0.8476247987117552 0.4910666666666667 0.07502415458937194 0.20554666666666663 
3 0.86841384863124 0.5091333333333333 0.027504025764895395 0.2751733333333333 
3 0.8983937198067632 0.50352 0.03335748792270537 0.3232 
3 0.8802375201288246 0.5244133333333333 0.025772946859903376 0.26045333333333337 
1 0.4873148148148148 0.4501466666666667 0.015016103059581393 0.05618666666666665 
