0 0.4752616747181964 0.5482133333333333 0.04725442834138491 0.14272 
0 0.11534621578099838 0.7763333333333333 0.23069243156199676 0.44733333333333336 
0 0.09782206119162641 0.6561466666666667 0.19564412238325282 0.3252533333333334 
0 0.3048671497584541 0.6545866666666665 0.1581561996779388 0.3582933333333333 
0 0.2885426731078905 0.55164 0.0763123993558776 0.15288000000000004 
0 0.4097463768115942 0.5473466666666666 0.05504830917874397 0.14306666666666668 
0 0.2506119162640902 0.54024 0.05979066022544283 0.0987733333333334 
0 0.4247785829307569 0.5268666666666666 0.03255233494363925 0.08178666666666663 
0 0.43826489533011276 0.5129600000000001 0.022665056360708518 0.05568000000000006 
0 0.13282608695652173 0.5771866666666666 0.10449275362318843 0.15490666666666666 
