0 0.5898389694041868 0.5751066666666667 0.09177133655394526 0.23293333333333324 
0 0.15759661835748792 0.6253333333333333 0.22504830917874397 0.27610666666666667 
0 0.21525362318840582 0.60208 0.22223027375201287 0.23285333333333333 
0 0.25923913043478264 0.58968 0.16078099838969404 0.19007999999999992 
0 0.3292270531400966 0.5351333333333333 0.12513687600644124 0.17016 
0 0.31221819645732685 0.5531333333333334 0.10483896940418679 0.16056 
0 0.5639613526570049 0.5528666666666666 0.059146537842189956 0.1364533333333333 
0 0.33632045088566825 0.52576 0.0893719806763285 0.14703999999999998 
0 0.358695652173913 0.5231866666666667 0.09024154589371984 0.11432000000000002 
0 0.5268276972624799 0.5158 0.02818035426731079 0.07453333333333338 
0 0.5481078904991948 0.5388266666666667 0.0434299516908213 0.11573333333333327 
7 0.04362721417069244 0.80072 0.08725442834138487 0.39322666666666667 
7 0.08280193236714976 0.7854 0.16560386473429953 0.39431999999999995 
7 0.14151368760064412 0.7190933333333333 0.1462962962962963 0.30981333333333333 
