0 0.5907004830917875 0.5807066666666666 0.07439613526570046 0.1727733333333333 
0 0.12535426731078905 0.7493866666666666 0.2507085346215781 0.5012266666666667 
0 0.5226086956521738 0.5106266666666667 0.026859903381642524 0.06792 
0 0.30292270531400967 0.6382266666666666 0.14025764895330112 0.2852533333333333 
0 0.1860024154589372 0.5958 0.1293478260869565 0.20018666666666665 
0 0.38360305958132046 0.5432800000000001 0.054146537842190014 0.13040000000000002 
0 0.2934138486312399 0.5480666666666666 0.0642351046698873 0.11805333333333336 
1 0.33959742351046696 0.5137600000000001 0.040161030595813246 0.10709333333333332 
0 0.41822061191626414 0.52268 0.032222222222222256 0.07528000000000006 
1 0.3725644122383253 0.50216 0.037576489533011286 0.08650666666666666 
0 0.43427536231884056 0.5108933333333333 0.02523349436392908 0.058266666666666654 
0 0.48450080515297905 0.5117333333333334 0.02347826086956528 0.07296000000000004 
