0 0.47696457326892117 0.51132 0.0311111111111111 0.09394666666666672 
0 0.17444041867954913 0.7101999999999999 0.24189210950080517 0.3991733333333334 
0 0.18541867954911434 0.5932533333333333 0.13265700483091789 0.19087999999999997 
0 0.3442270531400966 0.57648 0.07877616747181962 0.15978666666666663 
0 0.2893236714975846 0.5407333333333334 0.06194847020933977 0.11421333333333329 
0 0.3702858293075684 0.53616 0.05274557165861513 0.11696000000000004 
7 0.4092995169082126 0.5002133333333333 0.038293075684380035 0.13343999999999998 
1 0.4174235104669888 0.48626666666666674 0.037777777777777743 0.1264 
1 0.4432165861513688 0.47888 0.017093397745571674 0.06490666666666668 
0 0.0794927536231884 0.58016 0.14446054750402576 0.19909333333333332 
