0 0.47808373590982284 0.5138133333333333 0.026731078904991986 0.08069333333333331 
1 0.12216988727858294 0.5 0.24433977455716588 1.0 
0 0.22243156199677938 0.5761466666666667 0.1093719806763285 0.18893333333333331 
7 0.3124033816425121 0.64688 0.07066827697262479 0.15263999999999994 
0 0.345354267310789 0.59036 0.08549114331723028 0.18226666666666666 
0 0.3000523349436393 0.5532 0.06150563607085345 0.10010666666666665 
0 0.39333735909822864 0.5419066666666666 0.045450885668276965 0.10397333333333336 
0 0.41132045088566827 0.5258666666666666 0.032302737520128785 0.07632000000000001 
7 0.4399074074074074 0.4920933333333333 0.018687600644122414 0.06935999999999998 
1 0.27367149758454107 0.51684 0.05835748792270528 0.1185333333333333 
