3 0.5260708534621578 0.46276 0.013687600644122383 0.15703999999999996 
3 0.2408574879227053 0.5296000000000001 0.028719806763285036 0.32298666666666676 
3 0.5986191626409018 0.7129866666666667 0.046159420289855015 0.46389333333333344 
3 0.6491545893719807 0.69028 0.059307568438003284 0.4939466666666667 
3 0.511268115942029 0.4940133333333333 0.019863123993558836 0.19474666666666668 
3 0.490962157809984 0.5160399999999999 0.03649758454106283 0.28962666666666664 
3 0.4755917874396135 0.5031866666666667 0.0254991948470209 0.25767999999999996 
3 0.44640499194847016 0.51148 0.02871980676328499 0.2866933333333333 
3 0.43227053140096616 0.5149466666666667 0.029790660225442835 0.2917066666666667 
3 0.4117512077294686 0.46284 0.017979066022544225 0.16397333333333336 
3 0.3910708534621578 0.46512 0.013687600644122383 0.16517333333333334 
3 0.3877254428341385 0.47252 0.021199677938808406 0.17170666666666662 
3 0.32595813204508856 0.46365333333333336 0.016908212560386472 0.17258666666666667 
3 0.34273349436392914 0.4665333333333333 0.012616747181964587 0.15050666666666665 
3 0.35873590982286635 0.46457333333333334 0.016908212560386472 0.1736266666666667 
1 0.10782608695652172 0.492 0.21565217391304345 0.984 
