0 0.5947504025764896 0.5479733333333333 0.04782608695652172 0.13440000000000002 
0 0.036847826086956526 0.7101066666666666 0.07369565217391305 0.29584 
0 0.042355072463768115 0.6467999999999999 0.08471014492753623 0.16885333333333333 
7 0.20023349436392915 0.47268 0.15714975845410625 0.41448 
0 0.2726851851851852 0.5462933333333334 0.031779388083735934 0.06890666666666667 
0 0.04314814814814815 0.6061466666666667 0.0862962962962963 0.14418666666666666 
0 0.29450080515297905 0.5265866666666666 0.024573268921094994 0.06901333333333332 
0 0.6500040257648954 0.5135866666666666 0.028011272141706987 0.05426666666666673 
0 0.6990458937198067 0.4930533333333333 0.023663446054750393 0.039279999999999975 
0 0.12178743961352656 0.5845466666666667 0.050096618357487924 0.09234666666666673 
