0 0.47792673107890504 0.5267200000000001 0.03543478260869565 0.10698666666666667 
0 0.15194847020933977 0.73856 0.30389694041867954 0.52288 
0 0.06044283413848631 0.6894933333333333 0.12088566827697261 0.34847999999999996 
0 0.2681199677938808 0.55408 0.08537037037037035 0.1642133333333333 
0 0.3680434782608696 0.5738800000000001 0.077085346215781 0.17133333333333334 
0 0.32709339774557167 0.5384 0.056425120772946896 0.10698666666666667 
0 0.41973429951690827 0.5358 0.04046698872785833 0.09309333333333332 
0 0.3885064412238325 0.5128933333333333 0.029009661835748816 0.06359999999999999 
1 0.4411513687600644 0.4819466666666667 0.022157809983896926 0.08789333333333335 
0 0.0678743961352657 0.59712 0.1357487922705314 0.20218666666666665 
0 0.1820008051529791 0.55668 0.08714170692431564 0.13213333333333335 
