0 0.1661352657004831 0.7400933333333333 0.3322705314009662 0.4878133333333334 
3 0.5438486312399357 0.54084 0.0452012882447665 0.27176 
5 0.8468518518518519 0.4544533333333334 0.047037037037037 0.12927999999999998 
3 0.34332528180354266 0.5678133333333334 0.04529790660225447 0.3169066666666667 
5 0.7633615136876006 0.4764933333333333 0.025676328502415448 0.1576266666666667 
3 0.10854669887278583 0.5792266666666667 0.03403381642512076 0.21584 
3 0.09518115942028986 0.5931866666666666 0.026111111111111116 0.21048000000000008 
5 0.3118679549114332 0.5702533333333334 0.08351046698872784 0.2630133333333334 
3 0.021594202898550723 0.6110533333333333 0.043188405797101447 0.22610666666666673 
3 0.10681159420289855 0.5735333333333333 0.030917874396135282 0.2715466666666667 
0 0.9511916264090178 0.46176 0.06702093397745572 0.11178666666666671 
0 0.3805877616747182 0.48058666666666666 0.025024154589372013 0.06117333333333333 
