0 0.47278582930756846 0.51924 0.03128824476650565 0.0945333333333333 
0 0.15116344605475038 0.76748 0.2800402576489533 0.46503999999999995 
0 0.08597020933977456 0.6431066666666666 0.17194041867954912 0.27319999999999994 
1 0.261268115942029 0.5152933333333334 0.11860708534621577 0.28472000000000003 
0 0.09101046698872786 0.5834666666666667 0.13424315619967794 0.17152000000000006 
0 0.31394122383252815 0.5411866666666666 0.0564170692431562 0.10994666666666664 
7 0.4166908212560386 0.49905333333333335 0.03913043478260871 0.12818666666666664 
7 0.3834742351046699 0.5032399999999999 0.07500000000000002 0.24109333333333333 
2 0.43581320450885663 0.45812 0.028985507246376812 0.13890666666666668 
0 0.21662238325281805 0.5386533333333333 0.06834943639291467 0.11586666666666663 
