0 0.5252214170692432 0.5154 0.021940418679549115 0.05789333333333335 
0 0.2573107890499195 0.6592933333333333 0.16441223832528182 0.33218666666666663 
0 0.0734621578099839 0.6669466666666667 0.1469243156199678 0.32242666666666664 
1 0.19926731078904994 0.5624533333333334 0.10950080515297907 0.22704000000000005 
0 0.8770008051529792 0.7432933333333334 0.24277777777777776 0.5134133333333334 
0 0.3801328502415459 0.5597066666666667 0.06026570048309181 0.12997333333333327 
1 0.2908977455716586 0.5338666666666666 0.08316425120772948 0.1616 
0 0.41158615136876003 0.54036 0.04064412238325279 0.0962933333333333 
0 0.4954347826086956 0.5291333333333333 0.03152979066022542 0.09805333333333337 
0 0.3506400966183575 0.53196 0.045418679549114306 0.08818666666666672 
0 0.436622383252818 0.51728 0.019541062801932352 0.05765333333333335 
1 0.37191626409017714 0.5094933333333334 0.03602254428341386 0.0909333333333334 
7 0.4817834138486312 0.48329333333333335 0.02293880837359099 0.09037333333333337 
