5 0.7002818035426731 0.52612 0.060450885668276916 0.3036533333333333 
3 0.7006884057971015 0.57984 0.05099033816425115 0.43813333333333326 
3 0.7098631239935588 0.4758266666666667 0.024154589371980676 0.1555466666666666 
3 0.5568035426731078 0.5419733333333333 0.024154589371980676 0.2613333333333333 
3 0.5109098228663446 0.53156 0.032479871175523374 0.25650666666666666 
3 0.5175442834138486 0.5288533333333333 0.033011272141706925 0.2806933333333333 
3 0.7298067632850241 0.48128000000000004 0.020933977455716585 0.17973333333333336 
3 0.9007045088566827 0.4810666666666667 0.019863123993558836 0.19984 
3 0.9290016103059581 0.4775466666666666 0.030595813204508857 0.22879999999999995 
3 0.9107045088566827 0.48655999999999994 0.026030595813204452 0.18794666666666665 
1 0.49738727858293086 0.44786666666666664 0.014388083735909827 0.05285333333333339 
