5 0.6822826086956522 0.5637333333333333 0.04479066022544283 0.3150933333333334 
3 0.5616304347826088 0.5902400000000001 0.0316666666666667 0.27338666666666667 
7 0.34995974235104665 0.5714 0.051948470209339806 0.29405333333333344 
5 0.40160225442834135 0.5179466666666667 0.031803542673107844 0.14826666666666666 
3 0.6966425120772947 0.50652 0.018518518518518517 0.21298666666666669 
3 0.5503220611916264 0.4860666666666667 0.014219001610306025 0.12034666666666666 
3 0.5382206119162641 0.4869866666666667 0.012077294685990338 0.11029333333333337 
3 0.5510466988727858 0.47935999999999995 0.008663446054750395 0.1104533333333333 
3 0.5726409017713365 0.4693066666666667 0.01288244766505636 0.11632 
3 0.583864734299517 0.47842666666666667 0.00913043478260872 0.12522666666666663 
