3 0.5907085346215781 0.6164933333333333 0.03541062801932369 0.32669333333333334 
3 0.3535265700483092 0.5794666666666667 0.030112721417069225 0.2490133333333333 
3 0.31246376811594206 0.57936 0.02191626409017711 0.23701333333333333 
3 0.6989533011272141 0.5629066666666667 0.02945249597423514 0.24112000000000003 
3 0.668707729468599 0.55392 0.02517713365539451 0.23632 
3 0.5343156199677939 0.54496 0.022608695652173855 0.18650666666666674 
3 0.6028904991948469 0.6116133333333333 0.031626409017713346 0.29688 
3 0.570450885668277 0.5837199999999999 0.026441223832528116 0.23602666666666663 
3 0.6321980676328502 0.5548799999999999 0.024702093397745532 0.2337066666666667 
3 0.6384903381642512 0.5294933333333334 0.0189774557165861 0.19487999999999997 
0 0.46647342995169083 0.51732 0.03610305958132039 0.09213333333333336 
