0 0.4957326892109501 0.5625466666666666 0.06428341384863126 0.19389333333333336 
0 0.1414049919484702 0.62016 0.1630354267310789 0.22917333333333326 
0 0.28491545893719805 0.6291066666666666 0.13831723027375198 0.28413333333333335 
0 0.37698067632850246 0.5491466666666667 0.053961352657004864 0.11834666666666666 
0 0.4093196457326892 0.5238133333333334 0.04012077294685989 0.09082666666666667 
7 0.4273067632850242 0.4605333333333333 0.048800322061191594 0.16821333333333335 
7 0.4527294685990338 0.46003999999999995 0.021449275362318828 0.09885333333333339 
0 0.1514331723027375 0.5685866666666667 0.11624798711755233 0.15050666666666665 
0 0.2271658615136876 0.54144 0.06647342995169082 0.10794666666666664 
1 0.34162640901771335 0.49893333333333334 0.034347826086956496 0.07898666666666668 
0 0.526207729468599 0.5006133333333334 0.016183574879227072 0.039679999999999986 
