0 0.6006803542673108 0.5878133333333333 0.08287439613526566 0.1890133333333333 
0 0.20394927536231885 0.73048 0.24818840579710144 0.4948266666666666 
0 0.5275080515297906 0.50964 0.029492753623188404 0.07367999999999998 
0 0.05883252818035426 0.6682933333333333 0.11766505636070852 0.34223999999999993 
0 0.34311191626409016 0.5953866666666666 0.10063607085346217 0.21520000000000006 
0 0.23686795491143317 0.5718799999999999 0.09827697262479873 0.16231999999999994 
0 0.3103140096618357 0.5433333333333333 0.05639291465378424 0.10725333333333341 
1 0.3509017713365539 0.5095999999999999 0.036199677938808406 0.09903999999999996 
0 0.4232528180354267 0.5186133333333334 0.029597423510466937 0.06992 
1 0.3799194847020934 0.4976133333333333 0.03458937198067631 0.08114666666666669 
0 0.43551932367149754 0.5077466666666667 0.022181964573268976 0.055546666666666626 
0 0.4849476650563608 0.5090399999999999 0.022391304347826133 0.06959999999999998 
0 0.5027777777777778 0.4933733333333333 0.010901771336554008 0.03677333333333331 
