3 0.36826086956521736 0.5855466666666667 0.04462157809983894 0.34863999999999995 
0 0.4477053140096618 0.5183599999999999 0.05257648953301133 0.14248000000000002 
3 0.21045893719806763 0.5178933333333333 0.02694041867954912 0.19834666666666664 
3 0.11828099838969404 0.5166533333333333 0.02593397745571657 0.22856 
3 0.12287842190016104 0.4748933333333333 0.015692431561996786 0.16776 
0 0.9000080515297906 0.5691733333333333 0.1551851851851852 0.15408 
0 0.8168115942028986 0.54664 0.08710144927536227 0.12848 
0 0.880925925925926 0.55 0.0972946859903381 0.12298666666666667 
0 0.9340096618357487 0.5516933333333333 0.10138486312399361 0.12456000000000002 
3 0.11087761674718197 0.5150266666666666 0.02296296296296296 0.2087733333333333 
3 0.16795491143317232 0.48121333333333327 0.020144927536231892 0.18205333333333337 
3 0.1438607085346216 0.4869866666666667 0.01859098228663446 0.16229333333333337 
3 0.22396135265700481 0.48993333333333333 0.010225442834138477 0.13378666666666672 
3 0.20678341384863122 0.47968 0.013099838969404172 0.14117333333333332 
3 0.1976570048309179 0.48704 0.011980676328502412 0.12127999999999997 
3 0.18148953301127213 0.48350666666666664 0.013478260869565224 0.13351999999999997 
0 0.498731884057971 0.49545333333333336 0.029025764895330167 0.07522666666666669 
3 0.18434782608695652 0.4672133333333333 0.012045088566827703 0.1169866666666666 
