0 0.47838969404186793 0.51684 0.033655394524959706 0.1016266666666667 
0 0.12083333333333332 0.7723333333333333 0.24166666666666664 0.4553333333333333 
0 0.12177133655394526 0.6116133333333333 0.1589049919484702 0.2296266666666667 
0 0.27174718196457326 0.60648 0.1271658615136876 0.23728000000000005 
1 0.2804911433172303 0.5359066666666666 0.07502415458937199 0.15890666666666667 
7 0.36828502415458936 0.5193066666666667 0.0653301127214171 0.21349333333333334 
1 0.3902294685990338 0.5008533333333333 0.06058776167471815 0.1895466666666667 
0 0.3194202898550725 0.5360666666666667 0.045314009661835776 0.09016 
0 0.41681964573268926 0.5034933333333333 0.031835748792270545 0.08703999999999996 
1 0.4390418679549114 0.4780533333333333 0.02104669887278582 0.07743999999999998 
0 0.19981078904991947 0.5502266666666666 0.08651368760064411 0.12856 
