4 0.09275764895330113 0.8411466666666667 0.18551529790660226 0.30704 
3 0.3544806763285024 0.6904266666666666 0.052681159420289864 0.5655466666666666 
3 0.300438808373591 0.7134933333333333 0.07469404186795489 0.5623466666666667 
3 0.5270450885668276 0.5333466666666666 0.027020933977455763 0.23005333333333328 
3 0.39954106280193236 0.5081600000000001 0.017713365539452495 0.1473066666666667 
3 0.3921940418679549 0.5079600000000001 0.01458132045088568 0.14109333333333332 
3 0.518377616747182 0.49981333333333333 0.015692431561996786 0.15765333333333334 
3 0.5655072463768116 0.5339866666666667 0.020112721417069258 0.2220533333333333 
3 0.5972624798711755 0.50172 0.02046698872785826 0.18450666666666665 
3 0.6140901771336554 0.48226666666666673 0.016215780998389683 0.16176 
0 0.46735104669887284 0.48234666666666665 0.029339774557165813 0.07530666666666669 
3 0.28991948470209344 0.55964 0.047439613526570064 0.23458666666666667 
3 0.5852053140096619 0.5262666666666667 0.017367149758454145 0.18703999999999996 
