3 0.8510507246376813 0.6722666666666667 0.07272946859903386 0.5999466666666665 
3 0.8723067632850243 0.6750533333333334 0.05759259259259257 0.5754933333333333 
3 0.5333856682769725 0.45841333333333334 0.01583735909822863 0.16232000000000002 
3 0.2432085346215781 0.5298533333333333 0.03126409017713369 0.32322666666666666 
3 0.42693639291465385 0.5161333333333333 0.024259259259259255 0.20879999999999996 
3 0.45685185185185184 0.50828 0.024734299516908236 0.22285333333333332 
3 0.6938123993558776 0.5571733333333333 0.044806763285024136 0.3265066666666667 
3 0.3965418679549114 0.48121333333333327 0.02192431561996781 0.20818666666666671 
3 0.3914653784219002 0.47110666666666673 0.018969404186795494 0.19010666666666665 
3 0.3608816425120773 0.47316 0.02417874396135268 0.19789333333333328 
3 0.3581159420289855 0.473 0.022737520128824438 0.20370666666666662 
3 0.48774959742351054 0.4452933333333334 0.011409017713365506 0.1439733333333333 
3 0.5276570048309178 0.4593866666666666 0.015829307568437978 0.1412266666666667 
1 0.107902576489533 0.492 0.215805152979066 0.984 
