0 0.16751610305958134 0.7280933333333333 0.29814009661835744 0.5384800000000001 
0 0.9262359098228663 0.7382933333333334 0.1459178743961353 0.51808 
0 0.794585346215781 0.74416 0.28303542673107895 0.5063466666666666 
0 0.49373188405797097 0.5675866666666667 0.09525764895330117 0.18680000000000002 
0 0.689585346215781 0.6107199999999999 0.09237520128824478 0.2733866666666666 
1 0.8888888888888888 0.45668 0.11152979066022543 0.18712000000000004 
1 0.807073268921095 0.4766666666666667 0.0945813204508856 0.16426666666666673 
0 0.540426731078905 0.50276 0.044766505636070875 0.09618666666666664 
0 0.6639210950080515 0.48784 0.0321900161030596 0.08730666666666669 
0 0.5684380032206119 0.48219999999999996 0.03206119162640897 0.07421333333333337 
2 0.6415740740740741 0.43245333333333336 0.03670692431561999 0.11327999999999998 
