0 0.47300724637681163 0.5189866666666667 0.027576489533011273 0.08325333333333333 
0 0.08814412238325281 0.6901466666666667 0.17628824476650562 0.3257866666666666 
0 0.21359903381642514 0.7666533333333333 0.2597584541062802 0.4666933333333333 
0 0.247890499194847 0.5804666666666667 0.09695652173913043 0.1646133333333333 
0 0.2957729468599034 0.5517066666666667 0.057214170692431565 0.10752000000000006 
0 0.363329307568438 0.5641333333333334 0.06430756843800323 0.12842666666666666 
1 0.41102657004830917 0.49088 0.04168276972624797 0.1509866666666666 
0 0.42671900161030596 0.5176933333333333 0.022214170692431496 0.058959999999999964 
0 0.06295088566827697 0.6107199999999999 0.12590177133655395 0.18256000000000003 
0 0.17241143317230273 0.55632 0.0957568438003221 0.14490666666666668 
