3 0.24354267310789052 0.6921866666666666 0.05958132045088567 0.60496 
3 0.19148148148148147 0.7194533333333334 0.165780998389694 0.5504266666666666 
3 0.5308695652173913 0.5427333333333334 0.025233494363929174 0.23997333333333334 
3 0.38864331723027373 0.52084 0.017979066022544316 0.15997333333333336 
3 0.3728743961352657 0.5194 0.01610305958132045 0.15144 
3 0.5118196457326891 0.5076666666666667 0.016908212560386472 0.16173333333333328 
3 0.5616384863123994 0.5448799999999999 0.021473429951690787 0.23205333333333336 
3 0.5925281803542672 0.5116266666666667 0.02254428341384863 0.19050666666666674 
3 0.6203502415458937 0.49037333333333327 0.01556360708534625 0.16624 
0 0.4583856682769727 0.48893333333333333 0.0301851851851851 0.07765333333333335 
3 0.2502012882447665 0.5685066666666667 0.030064412238325306 0.25168 
3 0.5857850241545894 0.53652 0.015032206119162608 0.19303999999999996 
