5 0.6412399355877617 0.5796 0.04922705314009661 0.22255999999999995 
5 0.39015700483091786 0.6531733333333333 0.06797906602254425 0.36479999999999996 
3 0.47914653784219 0.54492 0.012077294685990338 0.10167999999999999 
3 0.008063607085346217 0.56168 0.016127214170692433 0.1772266666666667 
3 0.021376811594202898 0.5676266666666667 0.020933977455716582 0.15349333333333326 
5 0.44727858293075684 0.5341466666666667 0.027455716586151386 0.10509333333333333 
3 0.15357487922705315 0.5618000000000001 0.016908212560386472 0.15943999999999997 
3 0.1395450885668277 0.5609733333333333 0.015563607085346202 0.1355466666666667 
3 0.4185265700483091 0.5317600000000001 0.014492753623188361 0.11840000000000002 
3 0.44505233494363927 0.54692 0.01181159420289861 0.11789333333333328 
