0 0.9335829307568438 0.5626933333333333 0.10223832528180356 0.13706666666666667 
0 0.8814814814814814 0.5551466666666667 0.10111111111111105 0.13008 
0 0.813707729468599 0.5551999999999999 0.09338969404186787 0.14016 
0 0.49891706924315615 0.5002133333333333 0.02754428341384866 0.08085333333333339 
5 0.09020531400966184 0.7208 0.18041062801932367 0.5264 
3 0.6540096618357488 0.5988266666666666 0.044766505636070875 0.3648533333333334 
3 0.6876570048309179 0.6011333333333333 0.047391304347826096 0.3201866666666667 
3 0.41082125603864733 0.5590266666666667 0.037648953301127205 0.2693066666666667 
3 0.2424074074074074 0.5182933333333334 0.02645732689210951 0.20831999999999995 
3 0.27180354267310786 0.52816 0.026167471819645734 0.1883733333333333 
3 0.18018518518518517 0.5052666666666668 0.021690821256038644 0.18509333333333333 
3 0.2072463768115942 0.50468 0.01991948470209338 0.18232 
3 0.23717391304347826 0.50832 0.018438003220611898 0.16554666666666662 
