0 0.9329267310789051 0.5588533333333333 0.10355072463768109 0.1366933333333333 
0 0.881413043478261 0.5554666666666667 0.10018518518518524 0.1300266666666667 
0 0.8138687600644122 0.5546133333333334 0.09329307568438004 0.14005333333333336 
0 0.49882447665056356 0.50076 0.02743961352657008 0.08087999999999995 
5 0.40363123993558775 0.53088 0.035732689210950075 0.17717333333333332 
5 0.43235507246376814 0.5178 0.03920289855072468 0.17661333333333332 
5 0.40323268921095007 0.49350666666666665 0.014565217391304373 0.08839999999999994 
3 0.1544243156199678 0.46032 0.012342995169082136 0.12629333333333337 
3 0.139170692431562 0.5095866666666666 0.031658615136876 0.21373333333333328 
5 0.8474476650563607 0.6156133333333333 0.14938808373590978 0.5094666666666666 
3 0.21152173913043476 0.48634666666666665 0.017101449275362304 0.14314666666666667 
3 0.18262882447665055 0.47810666666666674 0.01669082125603864 0.14495999999999995 
3 0.4799677938808374 0.5923466666666667 0.04070853462157806 0.35733333333333334 
3 0.5103864734299517 0.57192 0.040917874396135215 0.3374933333333333 
3 0.5509178743961353 0.5926266666666667 0.04953301127214169 0.39047999999999994 
3 0.9483212560386474 0.6841733333333333 0.07276167471819638 0.5996533333333334 
3 0.9476489533011272 0.6617066666666667 0.07410628019323669 0.5217600000000001 
3 0.7357890499194847 0.69028 0.09822866344605476 0.58744 
3 0.7421739130434782 0.6715066666666667 0.08653784219001612 0.5476000000000001 
3 0.7661070853462157 0.6516000000000001 0.06561191626409019 0.4590933333333333 
3 0.5449033816425121 0.6162933333333332 0.05415458937198067 0.4238933333333333 
