0 0.46837359098228665 0.5226133333333334 0.03417069243156204 0.10320000000000004 
0 0.15789049919484702 0.7470533333333332 0.31578099838969403 0.5058933333333333 
0 0.31494363929146535 0.61976 0.10404186795491141 0.22848000000000002 
0 0.1728985507246377 0.60636 0.14117552334943642 0.21271999999999996 
0 0.09176731078904993 0.5807866666666667 0.12688405797101449 0.16178666666666663 
0 0.2527938808373591 0.5599733333333333 0.0750885668276973 0.13984 
1 0.324561191626409 0.50168 0.06501610305958132 0.18384 
0 0.21754428341384863 0.5470266666666667 0.07078904991948469 0.10898666666666668 
0 0.34952495974235104 0.5242533333333335 0.03719806763285023 0.07991999999999999 
7 0.39774959742351046 0.4933866666666667 0.05361513687600642 0.1829866666666667 
2 0.4303301127214171 0.46164000000000005 0.0235265700483092 0.12365333333333335 
0 0.27727858293075686 0.5230133333333333 0.04388083735909823 0.08416000000000001 
