0 0.4954710144927536 0.5639066666666667 0.06575684380032212 0.19832000000000002 
0 0.09780998389694043 0.64024 0.19561996779388086 0.26255999999999996 
0 0.24857890499194848 0.6604 0.17364734299516907 0.3431466666666667 
0 0.3692351046698873 0.5557333333333333 0.05900161030595816 0.12810666666666665 
0 0.3049315619967794 0.54236 0.06338969404186792 0.11816 
0 0.4052576489533012 0.52596 0.042882447665056396 0.09602666666666672 
7 0.42495974235104667 0.4604133333333333 0.051336553945249545 0.17608000000000001 
7 0.45237117552334943 0.4606133333333334 0.022069243156199653 0.10143999999999997 
0 0.12370772946859902 0.5762666666666667 0.13237520128824476 0.16474666666666668 
0 0.21223832528180356 0.54384 0.07231884057971014 0.11434666666666665 
1 0.33716183574879227 0.49933333333333335 0.03598228663446055 0.08192000000000008 
0 0.5315257648953301 0.5013866666666666 0.016400966183574884 0.03951999999999998 
