3 0.7496376811594202 0.6969466666666667 0.09098228663446055 0.59544 
3 0.30818840579710144 0.5547866666666667 0.0322061191626409 0.27287999999999996 
3 0.6838003220611916 0.69 0.0571658615136876 0.5126933333333333 
3 0.5394806763285024 0.6600933333333334 0.05173107890499195 0.46034666666666674 
3 0.42244766505636067 0.6234533333333334 0.04589371980676324 0.3773066666666667 
3 0.5993035426731079 0.6028133333333333 0.049380032206119195 0.3688800000000001 
3 0.48480676328502414 0.57724 0.038921095008051465 0.3128266666666667 
3 0.5459661835748792 0.6448133333333333 0.040257648953301126 0.38360000000000005 
3 0.5289130434782608 0.5528133333333334 0.03864734299516908 0.2865866666666667 
3 0.5584219001610305 0.60332 0.06590982286634461 0.3526133333333334 
0 0.4079750402576489 0.5419066666666666 0.07060386473429947 0.17517333333333332 
