3 0.4826489533011272 0.52744 0.021739130434782608 0.13365333333333335 
6 0.3144927536231884 0.4582 0.1232045088566828 0.2230666666666667 
6 0.3984782608695652 0.44736 0.060450885668277006 0.20533333333333334 
6 0.513695652173913 0.43216 0.19120772946859904 0.20026666666666668 
4 0.9307367149758453 0.7967599999999999 0.13047504025764892 0.39581333333333335 
4 0.8333574879227053 0.7783466666666666 0.08223832528180344 0.43264 
4 0.6556682769726248 0.67048 0.055426731078905014 0.2671466666666666 
4 0.689963768115942 0.6644266666666666 0.05702898550724641 0.26682666666666666 
4 0.6311111111111111 0.6571733333333333 0.0524476650563607 0.22485333333333338 
4 0.6682045088566827 0.6392533333333335 0.03904991948470209 0.23872000000000002 
