0 0.47816022544283415 0.5134533333333334 0.0345813204508857 0.10440000000000002 
0 0.05485507246376811 0.6590666666666666 0.10971014492753622 0.3022933333333333 
0 0.1811513687600644 0.67368 0.21299516908212557 0.35658666666666666 
1 0.2307608695652174 0.5490266666666667 0.10280998389694042 0.20018666666666665 
7 0.34200080515297904 0.5309466666666667 0.08419484702093397 0.26594666666666666 
1 0.3733977455716586 0.5068266666666666 0.07494363929146537 0.22687999999999997 
0 0.2914170692431562 0.54316 0.05705314009661837 0.10680000000000003 
0 0.40985104669887273 0.5059333333333333 0.03623993558776167 0.09703999999999996 
0 0.42460547504025764 0.5086133333333333 0.023993558776167434 0.05914666666666669 
1 0.4367471819645733 0.4777333333333333 0.022705314009661783 0.0826133333333333 
0 0.14538647342995167 0.56684 0.11341384863123995 0.15570666666666663 
