0 0.5010265700483092 0.5364800000000001 0.059219001610305924 0.15941333333333332 
0 0.07443639291465379 0.5275066666666667 0.14887278582930757 0.22087999999999997 
5 0.9669766505636072 0.7123733333333333 0.06443639291465376 0.52768 
1 0.6332971014492754 0.5124933333333334 0.10731884057971021 0.32296 
3 0.28000805152979064 0.5873200000000001 0.04133655394524958 0.4378933333333334 
1 0.20882045088566828 0.4798533333333333 0.08889694041867954 0.1553866666666667 
0 0.32842190016103057 0.5139066666666666 0.11727858293075687 0.19864 
0 0.34852254428341384 0.5059466666666667 0.10770531400966182 0.14650666666666667 
0 0.3740458937198068 0.5079866666666667 0.10053945249597424 0.12434666666666666 
0 0.408731884057971 0.48224 0.06350241545893724 0.0996266666666667 
0 0.43516103059581324 0.4585733333333333 0.048776167471819634 0.06424 
0 0.5760064412238326 0.5001066666666667 0.05025764895330109 0.11088000000000003 
0 0.5597383252818035 0.47458666666666666 0.040136876006441245 0.10416 
3 0.534975845410628 0.47417333333333334 0.01247987117552335 0.09032000000000001 
0 0.4875644122383253 0.4850133333333333 0.03332528180354266 0.10069333333333332 
0 0.2510024154589372 0.4682933333333334 0.060539452495974234 0.08522666666666669 
