0 0.4782125603864735 0.5212133333333333 0.0358615136876007 0.1082933333333333 
0 0.0711634460547504 0.7589600000000001 0.1423268921095008 0.48208 
1 0.10981078904991948 0.6027466666666665 0.185402576489533 0.30693333333333334 
7 0.27912640901771335 0.5621733333333333 0.1337600644122383 0.39357333333333333 
1 0.3381038647342995 0.5221333333333333 0.10764090177133655 0.30688000000000004 
0 0.23144927536231882 0.5746133333333334 0.0847504025764895 0.14426666666666665 
0 0.39845813204508856 0.5149866666666667 0.04392109500805149 0.11424000000000001 
0 0.41902576489533017 0.5142933333333334 0.027294685990338147 0.06624000000000001 
1 0.4331843800322061 0.47719999999999996 0.025322061191626447 0.09066666666666667 
0 0.0606561996779388 0.60548 0.1213123993558776 0.21464000000000003 
