0 0.4781119162640902 0.5136666666666667 0.027560386473429874 0.08322666666666662 
0 0.06548711755233494 0.66084 0.13097423510466988 0.35778666666666664 
7 0.09816425120772947 0.8356533333333334 0.19632850241545893 0.3286933333333333 
0 0.22439613526570049 0.7053066666666666 0.206280193236715 0.3779200000000001 
0 0.22288244766505635 0.5921733333333333 0.1024959742351047 0.15117333333333333 
0 0.36166264090177136 0.5697466666666666 0.06760869565217394 0.14770666666666663 
0 0.3159219001610306 0.5365599999999999 0.0530193236714976 0.11456000000000002 
0 0.39412640901771334 0.5369333333333334 0.04298711755233498 0.09696000000000003 
0 0.4175201288244767 0.5272533333333334 0.029404186795491175 0.06944000000000006 
7 0.43615539452495966 0.49310666666666675 0.021682769726247948 0.07976 
1 0.21122383252818033 0.5319066666666666 0.08673107890499195 0.15730666666666668 
