3 0.5564049919484703 0.4699066666666666 0.014935587761674774 0.15026666666666666 
3 0.23504830917874397 0.5230533333333333 0.03191626409017712 0.3200266666666666 
3 0.5509339774557166 0.5818666666666666 0.05357487922705311 0.39621333333333336 
3 0.6083454106280194 0.5576000000000001 0.04654589371980681 0.41237333333333337 
3 0.5052334943639292 0.5200133333333333 0.030515297906602328 0.29229333333333335 
3 0.4776610305958132 0.5267066666666667 0.03252012882447673 0.29762666666666665 
3 0.5574718196457327 0.5137866666666667 0.04834138486312396 0.26831999999999995 
3 0.5912962962962964 0.5069466666666667 0.024041867954911443 0.25266666666666665 
3 0.9715096618357488 0.62268 0.026384863123993543 0.21032 
3 0.3899959742351047 0.5253466666666666 0.027206119162640874 0.29773333333333335 
3 0.4026086956521739 0.5201466666666666 0.01967793880837359 0.2484 
3 0.43239533011272147 0.50488 0.0258695652173913 0.2758933333333334 
3 0.4615217391304348 0.523 0.015314009661835734 0.2291466666666667 
3 0.4436030595813204 0.50432 0.0222463768115942 0.24352 
3 0.37389694041867955 0.4824533333333334 0.01776167471819646 0.1930666666666667 
3 0.42894927536231886 0.47968 0.014951690821255987 0.17642666666666665 
1 0.10769726247987117 0.492 0.21539452495974235 0.984 
