0 0.4679911433172302 0.52284 0.03351851851851852 0.10125333333333333 
0 0.1454669887278583 0.7480266666666666 0.2909339774557166 0.5039466666666667 
0 0.3007125603864734 0.6335333333333333 0.11701288244766504 0.2514933333333334 
0 0.14211755233494364 0.6226666666666667 0.16483091787439613 0.23898666666666668 
0 0.06619967793880838 0.5900933333333334 0.13239935587761675 0.17640000000000003 
0 0.23568438003220615 0.5669066666666667 0.0848792270531401 0.15184 
1 0.3172946859903382 0.5029600000000001 0.07062801932367148 0.19520000000000004 
0 0.2031239935587762 0.5511066666666667 0.07719806763285027 0.11592 
0 0.3447866344605475 0.5262266666666666 0.03944444444444445 0.08359999999999998 
7 0.41694444444444445 0.4978933333333333 0.033760064412238285 0.11109333333333332 
7 0.39554347826086955 0.4943866666666667 0.05643317230273746 0.19032000000000002 
2 0.4311916264090177 0.4611466666666667 0.024605475040257698 0.1255466666666667 
0 0.2693679549114331 0.52496 0.046755233494363925 0.08810666666666664 
