5 0.6787117552334944 0.5916666666666667 0.05106280193236712 0.22781333333333328 
5 0.504573268921095 0.5983999999999999 0.042882447665056354 0.24501333333333325 
3 0.5426489533011273 0.5431466666666667 0.010998389694041842 0.09685333333333332 
3 0.15756038647342996 0.53916 0.015024154589371978 0.14728000000000005 
3 0.1744122383252818 0.5335066666666667 0.018518518518518517 0.1262133333333333 
5 0.4993679549114332 0.5367733333333334 0.02754428341384866 0.10304000000000003 
3 0.2917471819645733 0.5453866666666667 0.014492753623188406 0.13381333333333334 
3 0.28357487922705316 0.5419733333333333 0.014492753623188406 0.11333333333333333 
3 0.5011795491143316 0.5300266666666666 0.00992753623188409 0.10927999999999997 
3 0.5177334943639292 0.5491333333333334 0.014227053140096585 0.10941333333333333 
