0 0.48101851851851846 0.5283733333333333 0.04002415458937192 0.1208533333333334 
1 0.057983091787439614 0.5621999999999999 0.11596618357487923 0.8756 
0 0.180012077294686 0.60572 0.12350241545893718 0.20450666666666667 
0 0.3237359098228664 0.5748533333333333 0.1036392914653784 0.2316266666666667 
0 0.3111272141706924 0.53852 0.059935587761674715 0.10914666666666668 
0 0.38942834138486315 0.5373066666666667 0.04516908212560388 0.10170666666666671 
1 0.4181199677938809 0.49008 0.03773752012882448 0.1270933333333334 
0 0.43582930756843796 0.5031066666666667 0.021867954911433146 0.06226666666666665 
0 0.2391304347826087 0.53764 0.06354267310789047 0.10792 
7 0.060736714975845416 0.6025066666666666 0.12147342995169083 0.49642666666666657 
