0 0.6046376811594203 0.59172 0.08637681159420288 0.1960800000000001 
0 0.04875201288244766 0.7878666666666666 0.09750402576489532 0.4242666666666666 
0 0.32111513687600646 0.6105866666666667 0.12047504025764895 0.2693333333333334 
0 0.5336594202898551 0.5121866666666667 0.033180354267310724 0.08229333333333337 
0 0.1376610305958132 0.6142266666666666 0.16401771336553944 0.24663999999999994 
0 0.3807528180354267 0.5567066666666667 0.06762479871175524 0.15144 
0 0.28682367149758453 0.55972 0.07037842190016105 0.12775999999999998 
0 0.3379066022544283 0.53524 0.04452495974235106 0.09021333333333328 
1 0.36450483091787445 0.503 0.03168276972624796 0.08823999999999993 
0 0.429182769726248 0.5107866666666667 0.025885668276972605 0.06205333333333336 
1 0.38973429951690824 0.49655999999999995 0.030193236714975844 0.07306666666666668 
0 0.4838003220611916 0.5035999999999999 0.020789049919484652 0.06464000000000003 
0 0.5052173913043478 0.4928533333333333 0.011916264090177098 0.03978666666666663 
