3 0.5508051529790661 0.4629333333333333 0.014492753623188406 0.15114666666666668 
3 0.2219806763285024 0.52808 0.03140096618357488 0.3249066666666666 
3 0.7968196457326893 0.6720933333333333 0.17669887278582944 0.6238133333333333 
3 0.8774798711755233 0.6477466666666667 0.18706924315619972 0.6725066666666667 
3 0.6285024154589373 0.6026933333333333 0.061996779388083734 0.44095999999999996 
3 0.5701247987117553 0.60004 0.04643317230273749 0.4271733333333334 
3 0.699219001610306 0.5936133333333334 0.05260869565217394 0.43944 
3 0.7556280193236715 0.5983733333333333 0.042946859903381575 0.42 
3 0.78493961352657 0.5456533333333333 0.03516103059581326 0.20671999999999996 
3 0.4146698872785829 0.5891733333333333 0.03864734299516908 0.41296000000000005 
3 0.44173510466988725 0.5833066666666666 0.02388888888888895 0.3462933333333334 
3 0.4747342995169082 0.56076 0.03489533011272135 0.3783200000000001 
3 0.5098872785829307 0.5789066666666667 0.027648953301127238 0.31045333333333336 
3 0.5242512077294686 0.5458133333333334 0.030595813204508857 0.33317333333333327 
3 0.3964975845410628 0.5037866666666667 0.02442834138486315 0.2450133333333334 
3 0.4613929146537842 0.5042 0.021739130434782608 0.22525333333333333 
3 0.4895611916264091 0.5003466666666666 0.023083735909822833 0.24426666666666666 
3 0.533707729468599 0.4933866666666667 0.03285829307568434 0.23098666666666667 
1 0.1076489533011272 0.492 0.2152979066022544 0.984 
