3 0.5608494363929147 0.4715066666666667 0.014098228663446047 0.15341333333333335 
3 0.23598228663446058 0.5243599999999999 0.03077294685990336 0.32018666666666673 
3 0.764645732689211 0.6832266666666666 0.08030595813204501 0.6015466666666667 
3 0.7469726247987117 0.6229066666666666 0.06454106280193243 0.5162666666666667 
3 0.6771739130434782 0.6649200000000001 0.11317230273752017 0.5950666666666666 
3 0.6967914653784218 0.6809466666666667 0.07770531400966182 0.6061066666666667 
3 0.471622383252818 0.5047866666666667 0.031779388083735934 0.2545866666666667 
3 0.5013365539452497 0.48974666666666666 0.03214170692431559 0.26381333333333334 
3 0.4663164251207729 0.4864133333333333 0.026706924315619936 0.22135999999999997 
3 0.4394404186795491 0.49333333333333335 0.029154589371980705 0.2281066666666667 
3 0.4922181964573269 0.4794933333333333 0.02788244766505636 0.1850133333333333 
3 0.3664734299516908 0.4929733333333334 0.020483091787439612 0.23197333333333336 
3 0.3870128824476651 0.49226666666666674 0.017632850241545876 0.19727999999999998 
3 0.4031642512077295 0.47672 0.020724637681159428 0.2205333333333334 
3 0.4272504025764895 0.49857333333333337 0.017367149758454055 0.18322666666666662 
1 0.10774959742351045 0.492 0.2154991948470209 0.984 
