0 0.49138083735909827 0.5434133333333333 0.05343800322061192 0.16128000000000006 
0 0.06452093397745572 0.68548 0.12904186795491143 0.32221333333333346 
1 0.16227858293075687 0.57784 0.32455716586151373 0.84432 
0 0.19708132045088564 0.5893866666666667 0.12638486312399355 0.19706666666666675 
0 0.3705112721417069 0.5558266666666667 0.07213365539452499 0.17517333333333332 
0 0.3298913043478261 0.5298266666666667 0.04833333333333336 0.09181333333333336 
0 0.40272141706924314 0.5229600000000001 0.04045088566827693 0.10047999999999994 
0 0.41626409017713367 0.5153866666666667 0.027133655394524996 0.06533333333333333 
0 0.4310507246376812 0.5052133333333333 0.022745571658615137 0.05592 
7 0.4369122383252818 0.4595733333333333 0.031119162640901754 0.11424000000000001 
