0 0.4676247987117552 0.5230666666666667 0.03289855072463769 0.09935999999999998 
0 0.12795491143317228 0.7495466666666666 0.25590982286634456 0.5009066666666667 
0 0.2834339774557166 0.6521866666666667 0.13345410628019325 0.2804800000000001 
0 0.09869162640901771 0.6461866666666667 0.19738325281803543 0.2788266666666667 
0 0.05109500805152979 0.5997466666666667 0.10219001610305958 0.19223999999999994 
0 0.21561996779388085 0.5751200000000001 0.09682769726247989 0.1660266666666667 
1 0.3091304347826087 0.5044 0.07711755233494362 0.20805333333333337 
0 0.18688003220611918 0.5557066666666667 0.08467793880837358 0.12378666666666663 
0 0.3396054750402576 0.5284 0.04194847020933975 0.0876266666666667 
7 0.4169001610305958 0.49809333333333333 0.0347181964573269 0.11410666666666672 
7 0.393329307568438 0.4956933333333333 0.05941223832528177 0.19837333333333337 
2 0.43206924315619966 0.46065333333333336 0.025700483091787497 0.12749333333333335 
0 0.2607165861513688 0.5270933333333334 0.049983896940418715 0.09242666666666666 
