0 0.47700483091787443 0.5135866666666666 0.03219001610305951 0.09719999999999997 
0 0.0669645732689211 0.7719733333333334 0.1339291465378422 0.45605333333333337 
0 0.08110708534621577 0.6597333333333333 0.16221417069243155 0.29994666666666664 
0 0.2842391304347826 0.63048 0.12944444444444447 0.2425066666666666 
0 0.2409178743961353 0.5620666666666667 0.08671497584541062 0.14733333333333334 
0 0.34162640901771335 0.5555866666666667 0.07246376811594203 0.1510666666666666 
7 0.39543478260869563 0.5037466666666667 0.04708534621578101 0.16029333333333337 
1 0.4078099838969404 0.49135999999999996 0.04553945249597419 0.14848000000000003 
0 0.4257971014492754 0.5003866666666666 0.026376811594202892 0.07426666666666665 
1 0.4417109500805153 0.4785466666666667 0.018687600644122414 0.07 
0 0.017383252818035426 0.6029733333333333 0.03476650563607085 0.23319999999999996 
