0 0.29423107890499195 0.6498666666666666 0.16747987117552335 0.3413866666666666 
5 0.936574074074074 0.4497466666666666 0.07590177133655393 0.19992 
3 0.487451690821256 0.5154533333333334 0.030539452495974194 0.20706666666666668 
5 0.7102294685990338 0.4605466666666666 0.038896940418679506 0.11437333333333337 
3 0.3322342995169082 0.53516 0.02749597423510465 0.238 
5 0.7235064412238326 0.4594533333333334 0.023679549114331698 0.13389333333333336 
3 0.14541867954911433 0.5602933333333334 0.022318840579710144 0.1731733333333334 
3 0.1292632850241546 0.5672933333333333 0.02327697262479871 0.16765333333333327 
5 0.2705152979066023 0.5542666666666667 0.0714814814814815 0.21584 
3 0.14995169082125603 0.56156 0.02948470209339775 0.1755466666666667 
3 0.11619967793880837 0.57076 0.035185185185185174 0.22130666666666668 
3 0.229633655394525 0.5426933333333334 0.021264090177133675 0.21589333333333335 
0 0.9708776167471819 0.4076933333333333 0.027648953301127148 0.11549333333333334 
0 0.9175805152979066 0.4452133333333333 0.11495169082125603 0.09938666666666669 
