0 0.5647665056360709 0.54916 0.05378421900161036 0.12935999999999998 
0 0.5137600644122382 0.5036133333333334 0.022028985507246388 0.05720000000000004 
0 0.1495048309178744 0.7562133333333333 0.2990096618357488 0.48757333333333336 
0 0.0671135265700483 0.6721066666666666 0.1342270531400966 0.3252266666666666 
0 0.35793478260869566 0.5591999999999999 0.07206924315619967 0.16474666666666668 
0 0.2470330112721417 0.56064 0.08831723027375203 0.14842666666666665 
1 0.3144685990338164 0.5210666666666667 0.05003220611916263 0.1274666666666667 
0 0.4063446054750403 0.5246533333333333 0.039066022544283444 0.08632000000000001 
1 0.35768518518518516 0.5073066666666667 0.04503220611916264 0.09941333333333334 
0 0.43129629629629634 0.5137066666666666 0.022447665056360706 0.06410666666666665 
0 0.48420692431561996 0.51184 0.025338164251207752 0.07877333333333339 
0 0.3873993558776167 0.5094933333333334 0.028824476650563615 0.06133333333333333 
1 0.38745974235104674 0.495 0.02670692431561998 0.07149333333333334 
