3 0.4777858293075684 0.5547466666666667 0.01610305958132045 0.14367999999999997 
3 0.49226650563607083 0.54744 0.01693236714975843 0.14837333333333338 
3 0.23631642512077294 0.7082666666666667 0.06464573268921092 0.50016 
3 0.2603301127214171 0.60484 0.03016103059581319 0.24397333333333335 
0 0.12888083735909822 0.6634 0.25776167471819644 0.6625333333333333 
3 0.24287037037037035 0.6103466666666667 0.042342995169082104 0.26810666666666655 
3 0.650901771336554 0.6159733333333334 0.04397745571658616 0.3546666666666667 
3 0.8554871175523349 0.6543733333333333 0.07462962962962959 0.4647466666666666 
3 0.2800805152979066 0.58056 0.023671497584541044 0.17706666666666668 
3 0.40935185185185186 0.5474399999999999 0.012938808373591022 0.13813333333333336 
0 0.3345169082125604 0.56308 0.0888727858293076 0.2342133333333333 
1 0.37225040257648956 0.54008 0.05289049919484702 0.1683733333333333 
