3 0.3103301127214171 0.7073733333333333 0.07628019323671498 0.5745866666666667 
3 0.3207971014492753 0.7201866666666666 0.053381642512077304 0.5450133333333333 
3 0.21273349436392913 0.7298666666666667 0.05714170692431562 0.52528 
3 0.15275764895330116 0.6681066666666667 0.06076489533011272 0.40666666666666673 
3 0.37099838969404186 0.6306666666666667 0.03676328502415461 0.40352000000000005 
3 0.21846618357487926 0.68392 0.04693236714975847 0.41061333333333333 
3 0.3195893719806763 0.6392933333333334 0.05792270531400966 0.38760000000000006 
0 0.3205877616747182 0.59612 0.10516908212560387 0.23682666666666669 
5 0.398305152979066 0.52232 0.021811594202898577 0.15898666666666667 
3 0.5374677938808374 0.50912 0.01796296296296301 0.15279999999999996 
3 0.4378582930756844 0.5149333333333334 0.01027375201288244 0.1206933333333333 
3 0.4470893719806763 0.5129466666666667 0.011634460547504062 0.12541333333333335 
