0 0.12146537842190017 0.7572666666666668 0.24293075684380033 0.4534666666666667 
3 0.8433816425120773 0.5703066666666667 0.08454106280193237 0.40797333333333335 
3 0.5387399355877617 0.6132 0.056626409017713306 0.40127999999999997 
3 0.5390660225442834 0.6308666666666667 0.0665539452495974 0.4504266666666666 
5 0.811328502415459 0.48792 0.02919484702093397 0.18421333333333328 
3 0.1644122383252818 0.6009733333333332 0.03784219001610306 0.2835466666666666 
3 0.15992753623188405 0.61032 0.027375201288244767 0.27871999999999997 
5 0.7095450885668277 0.5679333333333333 0.09973429951690822 0.29250666666666664 
0 0.37366747181964577 0.4895333333333333 0.027657004830917847 0.066 
0 0.8347544283413848 0.46083999999999997 0.10181159420289859 0.10509333333333333 
