0 0.481400966183575 0.5166 0.030064412238325306 0.09080000000000003 
0 0.12000402576489531 0.7667733333333334 0.24000805152979063 0.4664533333333333 
0 0.0535426731078905 0.6971866666666666 0.107085346215781 0.3591199999999999 
0 0.2633937198067633 0.5757199999999999 0.09121578099838966 0.15624000000000002 
0 0.3677858293075685 0.5969733333333334 0.08948470209339773 0.19058666666666674 
0 0.3302173913043478 0.54332 0.054621578099838995 0.10589333333333335 
0 0.40122383252818034 0.5382666666666667 0.04273752012882451 0.0914666666666667 
1 0.43093800322061193 0.47950666666666664 0.03103864734299513 0.11784 
0 0.07255636070853462 0.5938933333333333 0.14511272141706924 0.19797333333333328 
0 0.22919484702093398 0.54456 0.06853462157809986 0.10186666666666663 
0 0.277926731078905 0.521 0.05313204508856684 0.09528000000000005 
