3 0.5345169082125604 0.70196 0.05904991948470203 0.5854133333333333 
3 0.5082528180354268 0.6709200000000001 0.08283413848631249 0.4600266666666667 
3 0.38585346215780997 0.66116 0.05286634460547501 0.4409866666666667 
3 0.29994766505636067 0.6253066666666667 0.04132850241545893 0.3626133333333334 
3 0.48210950080515297 0.6016266666666666 0.040257648953301126 0.3525333333333333 
3 0.36093397745571654 0.5836 0.033011272141706925 0.31797333333333344 
3 0.39268115942028986 0.6350533333333332 0.04723027375201286 0.35789333333333334 
3 0.41139291465378425 0.56072 0.05478260869565219 0.27871999999999997 
3 0.44120772946859904 0.5992133333333334 0.0426731078904992 0.3391733333333333 
0 0.3671578099838969 0.5590666666666667 0.0819645732689211 0.19397333333333336 
