3 0.6387157809983898 0.7014133333333332 0.0856119162640902 0.5865066666666666 
3 0.5948590982286635 0.6725466666666666 0.051264090177133625 0.4706933333333333 
3 0.45963365539452494 0.65272 0.05045893719806769 0.4405866666666667 
3 0.3631159420289855 0.61924 0.04428341384863124 0.3610933333333334 
3 0.5405233494363929 0.60328 0.04428341384863124 0.35477333333333333 
3 0.4281763285024155 0.57668 0.03649758454106283 0.3114933333333334 
3 0.4626489533011272 0.6331466666666666 0.04082125603864738 0.3591999999999999 
3 0.4585990338164251 0.5509200000000001 0.0542673107890499 0.27837333333333336 
3 0.48984299516908214 0.5922933333333333 0.041602254428341444 0.33792000000000005 
0 0.38778582930756844 0.5461333333333334 0.07549114331723027 0.18352000000000004 
