3 0.49178743961352656 0.50388 0.020933977455716585 0.15042666666666665 
3 0.5063365539452496 0.5030266666666666 0.020128824476650563 0.16343999999999997 
3 0.08272946859903382 0.6939200000000001 0.1043961352657005 0.6014933333333333 
3 0.1637278582930757 0.5828133333333334 0.03328502415458937 0.3011466666666666 
3 0.2021900161030596 0.6077733333333333 0.03917874396135265 0.3778933333333333 
3 0.6541787439613527 0.5898266666666667 0.04750402576489533 0.41383999999999993 
3 0.8824677938808374 0.64044 0.10574074074074087 0.6131466666666667 
3 0.2978099838969404 0.5256933333333333 0.01932367149758454 0.17853333333333338 
3 0.4219927536231884 0.50224 0.014758454106280135 0.15935999999999997 
0 0.3365901771336554 0.5126266666666667 0.10387278582930756 0.26663999999999993 
1 0.38374798711755237 0.49942666666666663 0.05918679549114331 0.1849866666666667 
