3 0.23082528180354267 0.5055333333333333 0.02227858293075681 0.1788533333333334 
3 0.3107286634460547 0.4879333333333334 0.015032206119162653 0.11810666666666665 
3 0.11427536231884058 0.5142800000000001 0.02576489533011272 0.2293066666666666 
3 0.2137520128824477 0.46881333333333336 0.013156199677938789 0.11821333333333336 
0 0.4556642512077294 0.49726666666666663 0.030233494363929202 0.07517333333333333 
0 0.8170330112721416 0.54664 0.08714170692431554 0.12848 
0 0.8811594202898552 0.5500133333333334 0.09734299516908201 0.12301333333333332 
0 0.9341143317230274 0.5517066666666667 0.10117552334943646 0.12458666666666667 
3 0.10124798711755234 0.5168133333333333 0.03140096618357488 0.21277333333333331 
3 0.24888083735909824 0.47182666666666667 0.014492753623188406 0.12728000000000006 
3 0.23138083735909823 0.47835999999999995 0.022117552334943662 0.11218666666666664 
3 0.15246376811594203 0.51644 0.020128824476650563 0.20082666666666668 
3 0.11654186795491144 0.5029333333333333 0.019589371980676316 0.20613333333333336 
3 0.9007004830917875 0.7126533333333334 0.10950080515297907 0.5426933333333334 
5 0.4077858293075684 0.4832266666666667 0.009404186795491104 0.0794666666666667 
3 0.10512077294685991 0.5075866666666666 0.017713365539452495 0.17442666666666673 
3 0.0764452495974235 0.5024666666666667 0.028446054750402575 0.19586666666666672 
0 0.498828502415459 0.49545333333333336 0.029041867954911472 0.07522666666666669 
3 0.1842753623188406 0.4672133333333333 0.00938808373590982 0.1169866666666666 
3 0.9653985507246378 0.5303866666666667 0.011006441223832404 0.09575999999999998 
