3 0.80256038647343 0.6275333333333333 0.0665539452495973 0.5454133333333333 
3 0.5071135265700484 0.60268 0.041602254428341354 0.35101333333333334 
3 0.051751207729468604 0.6629333333333333 0.0687037037037037 0.4611733333333333 
3 0.32037037037037036 0.6314666666666667 0.04750402576489533 0.42560000000000003 
3 0.7048107890499195 0.6058800000000001 0.058510466988727916 0.5174666666666667 
5 0.38387278582930756 0.6200133333333333 0.05122383252818036 0.3384800000000001 
4 0.33189210950080517 0.6377733333333334 0.04590982286634464 0.22674666666666668 
3 0.45602657004830915 0.5274133333333333 0.0150322061191627 0.15632000000000001 
3 0.47829307568438 0.51556 0.014492753623188406 0.14967999999999998 
3 0.4295450885668277 0.52016 0.015563607085346157 0.14816000000000001 
