3 0.5540499194847021 0.46936 0.01247987117552335 0.15066666666666667 
3 0.23357085346215783 0.52368 0.03194041867954913 0.3205333333333334 
3 0.6005273752012883 0.6466533333333333 0.052069243156199735 0.51272 
3 0.6757165861513688 0.6150399999999999 0.0509983896940418 0.5236266666666666 
3 0.538123993558776 0.5434666666666667 0.033542673107890476 0.3357866666666666 
3 0.5098470209339775 0.5425599999999999 0.03864734299516908 0.33221333333333336 
3 0.5929267310789049 0.53184 0.053421900161030614 0.31439999999999996 
3 0.6389251207729469 0.5357066666666667 0.02844605475040261 0.29568 
3 0.9094363929146537 0.5876533333333334 0.03409017713365551 0.20805333333333328 
3 0.4024235104669887 0.5444266666666667 0.03140096618357483 0.3293866666666667 
3 0.40932769726247986 0.5387733333333333 0.024694041867954923 0.27701333333333333 
3 0.4432850241545893 0.5223866666666667 0.027648953301127238 0.30765333333333333 
3 0.4756843800322061 0.54224 0.02549114331723025 0.2522133333333333 
3 0.4744927536231884 0.5133599999999999 0.03735909822866343 0.2686933333333333 
3 0.37889694041867955 0.4902133333333333 0.020402576489532993 0.20901333333333338 
3 0.4342190016103059 0.4888666666666666 0.015297906602254429 0.1924533333333333 
3 0.45989130434782605 0.47872 0.017447665056360674 0.20709333333333332 
3 0.4994605475040258 0.47956000000000004 0.028969404186795507 0.19784 
1 0.10768115942028986 0.492 0.21536231884057971 0.984 
