0 0.35740338164251206 0.57436 0.09857487922705314 0.21565333333333334 
5 0.8178140096618357 0.4613866666666666 0.06894524959742351 0.18592 
5 0.748647342995169 0.45824000000000004 0.05178743961352661 0.15413333333333337 
3 0.44865136876006445 0.5080666666666666 0.01987922705314014 0.15810666666666665 
5 0.605595813204509 0.4722133333333333 0.03294685990338161 0.10069333333333338 
3 0.33351851851851855 0.51652 0.017198067632850252 0.17629333333333336 
5 0.6828462157809985 0.46619999999999995 0.021763285024154568 0.11063999999999995 
3 0.19168276972624798 0.5409066666666666 0.01789049919484702 0.1362133333333333 
3 0.18629227053140096 0.5453333333333333 0.019460547504025778 0.13135999999999998 
5 0.26129227053140097 0.53932 0.05962157809983898 0.17432 
3 0.2548429951690821 0.5340266666666666 0.018301127214170706 0.13520000000000004 
3 0.23940418679549116 0.5451733333333333 0.02954911433172302 0.16634666666666664 
3 0.321280193236715 0.5132666666666666 0.018840579710144956 0.16802666666666663 
0 0.9328462157809985 0.4319866666666667 0.10371175523349432 0.10029333333333337 
0 0.8441062801932369 0.45824000000000004 0.09304347826086962 0.0836266666666667 
