0 0.8368639291465378 0.77252 0.32466183574879226 0.44962666666666673 
1 0.04006843800322061 0.7194533333333334 0.08013687600644122 0.55576 
0 0.12167874396135266 0.65392 0.2433574879227053 0.34986666666666666 
0 0.7898510466988728 0.6224000000000001 0.220877616747182 0.22373333333333342 
0 0.7393840579710146 0.58496 0.15693236714975842 0.21968000000000007 
0 0.6525040257648954 0.53264 0.12371980676328499 0.15674666666666667 
7 0.29762479871175523 0.5954266666666667 0.08515297906602254 0.13485333333333333 
0 0.2820933977455717 0.5218533333333333 0.14191626409017713 0.23703999999999997 
1 0.5388204508856682 0.4953066666666667 0.04501610305958129 0.15157333333333334 
0 0.3526932367149758 0.5269733333333334 0.09474235104669888 0.10370666666666671 
0 0.38072866344605477 0.5104 0.07904186795491148 0.10826666666666665 
1 0.5183132045088567 0.47616 0.02746376811594195 0.10602666666666664 
1 0.43115539452495977 0.4784933333333333 0.048880837359098255 0.07949333333333333 
