3 0.9942230273752013 0.6438266666666667 0.009943639291465306 0.7070133333333333 
5 0.26005233494363933 0.5783333333333334 0.0587842190016103 0.29703999999999997 
5 0.28809581320450883 0.5556666666666666 0.04825281803542669 0.2343733333333333 
1 0.41823671497584547 0.48937333333333327 0.07524959742351041 0.18727999999999997 
4 0.02034219001610306 0.6151733333333333 0.04068438003220612 0.20997333333333335 
4 0.05157407407407407 0.6038933333333334 0.06574074074074074 0.19445333333333337 
3 0.046256038647343 0.5835333333333333 0.029742351046698878 0.2614133333333333 
3 0.8684339774557166 0.792 0.09306763285024167 0.4106666666666667 
3 0.9164291465378421 0.7929333333333334 0.0971095008051529 0.40880000000000005 
4 0.19516505636070855 0.5649866666666666 0.03715780998389697 0.14389333333333335 
5 0.5125805152979066 0.51968 0.03388888888888882 0.1296 
3 0.759561191626409 0.5233066666666667 0.0186070853462157 0.16511999999999996 
4 0.6626489533011272 0.5233066666666667 0.03249597423510468 0.108 
4 0.6563566827697263 0.5228533333333333 0.03345410628019329 0.09642666666666666 
0 0.3528301127214171 0.5049066666666666 0.06252012882447668 0.07109333333333333 
