0 0.4780917874396135 0.5152 0.03334943639291462 0.10069333333333338 
0 0.13771739130434782 0.76648 0.27543478260869564 0.46703999999999996 
0 0.15443639291465378 0.5980133333333333 0.13742351046698872 0.20664000000000002 
0 0.29094202898550725 0.5922 0.11114331723027376 0.21309333333333325 
1 0.29327697262479874 0.5309733333333334 0.06855072463768115 0.14872000000000002 
7 0.3750201288244766 0.5154133333333334 0.06068438003220612 0.2002133333333333 
1 0.39444847020933976 0.49854666666666664 0.05688405797101452 0.17959999999999998 
0 0.3272987117552335 0.5334133333333333 0.042310789049919445 0.08570666666666663 
0 0.4188486312399356 0.5027866666666667 0.030579710144927552 0.08413333333333328 
1 0.43974235104669884 0.47817333333333334 0.02054750402576488 0.07586666666666664 
0 0.21445249597423513 0.5456666666666666 0.07962962962962963 0.12114666666666668 
