5 0.8463687600644123 0.49909333333333333 0.08455716586151377 0.26661333333333337 
3 0.7873107890499195 0.4777066666666666 0.020933977455716585 0.17162666666666662 
3 0.2288929146537842 0.6742533333333334 0.0904428341384863 0.6194933333333333 
3 0.1159339774557166 0.66296 0.08884057971014493 0.64208 
3 0.196268115942029 0.63976 0.09393719806763286 0.68848 
3 0.6185708534621578 0.53312 0.02066827697262486 0.23631999999999995 
5 0.7855193236714976 0.5004266666666667 0.0725201288244766 0.20767999999999998 
3 0.8644363929146539 0.52284 0.03489533011272135 0.2936266666666667 
3 0.8840458937198069 0.5190933333333333 0.03649758454106292 0.34863999999999995 
3 0.8706360708534621 0.5376799999999999 0.02576489533011272 0.27840000000000004 
1 0.48524959742351054 0.4511733333333333 0.015185185185185196 0.05680000000000003 
