0 0.5282528180354268 0.56592 0.06156199677938811 0.18480000000000002 
0 0.10206924315619967 0.7716933333333333 0.20413848631239934 0.4566133333333333 
0 0.13652979066022544 0.6280399999999999 0.1637037037037037 0.22488000000000002 
7 0.2877898550724638 0.44944000000000006 0.22929951690821254 0.6370666666666667 
0 0.38990740740740737 0.5312800000000001 0.04171497584541063 0.10421333333333337 
7 0.42549516908212565 0.45389333333333337 0.038848631239935635 0.1631466666666667 
0 0.03901368760064412 0.6209066666666666 0.07802737520128825 0.1996799999999999 
1 0.15530193236714976 0.5420666666666667 0.11094202898550722 0.1865333333333333 
0 0.5628985507246377 0.5250933333333333 0.027262479871175443 0.06469333333333331 
0 0.6161916264090177 0.5131333333333333 0.02578099838969412 0.043333333333333335 
