0 0.4764291465378422 0.5152666666666668 0.01873590982286633 0.04994666666666664 
0 0.11129629629629628 0.7536666666666667 0.22259259259259256 0.49266666666666664 
1 0.039005636070853465 0.6204133333333333 0.07801127214170693 0.34663999999999995 
0 0.5972101449275362 0.62616 0.12090982286634466 0.28112 
0 0.28771739130434787 0.6050933333333334 0.09817230273752013 0.19376 
1 0.19423510466988728 0.5574399999999999 0.11896940418679548 0.20751999999999998 
0 0.34221819645732693 0.56864 0.06068438003220612 0.13397333333333336 
0 0.45231078904991945 0.5382533333333334 0.03650563607085349 0.11074666666666667 
0 0.2840579710144927 0.5445333333333333 0.0577133655394525 0.10458666666666666 
0 0.3853421900161031 0.5270933333333333 0.026561996779388045 0.06944000000000006 
1 0.31384460547504023 0.5152666666666667 0.043502415458937224 0.10349333333333334 
0 0.3936392914653784 0.5155066666666667 0.02194847020933977 0.056346666666666656 
1 0.40520933977455714 0.4948266666666667 0.017648953301127226 0.07685333333333332 
7 0.44055555555555553 0.49149333333333334 0.02454106280193238 0.0963733333333333 
