3 0.25735909822866343 0.49012000000000006 0.01610305958132045 0.13165333333333326 
3 0.33530595813204506 0.48103999999999997 0.011272141706924315 0.09359999999999999 
3 0.2556119162640902 0.46371999999999997 0.011272141706924315 0.09805333333333337 
0 0.8171698872785829 0.5466533333333333 0.08717391304347824 0.12850666666666666 
0 0.8813083735909824 0.5500133333333334 0.09738325281803546 0.12301333333333332 
0 0.934182769726248 0.55172 0.10103864734299518 0.12461333333333331 
3 0.27786634460547505 0.46664 0.010998389694041887 0.10448000000000002 
3 0.2656400966183575 0.46993333333333337 0.015692431561996786 0.09192 
3 0.049158615136876006 0.5482533333333334 0.03355072463768116 0.2822133333333333 
3 0.022024959742351045 0.52884 0.03730273752012883 0.28648 
3 0.4380515297906602 0.5855199999999999 0.04428341384863124 0.29984000000000005 
3 0.5529669887278583 0.5678000000000001 0.034355877616747146 0.31815999999999994 
5 0.33022544283413846 0.52396 0.027938808373590973 0.18258666666666667 
0 0.4988888888888889 0.49545333333333336 0.029049919484702036 0.07522666666666669 
3 0.24397745571658613 0.46642666666666666 0.010466988727858293 0.09738666666666662 
3 0.18351046698872786 0.4672133333333333 0.011545893719806766 0.11704000000000003 
3 0.8634782608695653 0.5174666666666667 0.01932367149758454 0.09674666666666668 
