3 0.11330917874396136 0.5638000000000001 0.038921095008051534 0.3046133333333334 
3 0.09155797101449276 0.5521199999999999 0.02952495974235106 0.2985333333333333 
5 0.6638003220611917 0.5495066666666667 0.041529790660225475 0.29378666666666664 
3 0.4894887278582931 0.5460933333333333 0.02033011272141707 0.20445333333333338 
7 0.4223590982286634 0.5026666666666667 0.018212560386473432 0.13935999999999998 
5 0.38931561996779385 0.49957333333333337 0.02236714975845413 0.13855999999999993 
3 0.63829307568438 0.4901466666666667 0.015297906602254429 0.15752 
3 0.5507045088566827 0.46780000000000005 0.013148148148148181 0.09746666666666662 
3 0.5239009661835748 0.4810933333333333 0.008317230273752045 0.09903999999999996 
3 0.5354549114331724 0.47522666666666663 0.007785829307568405 0.09909333333333332 
3 0.5822342995169082 0.46058666666666664 0.010201288244766564 0.09722666666666661 
3 0.5928220611916265 0.4614666666666667 0.008590982286634427 0.10469333333333339 
