0 0.3787721417069243 0.5421866666666666 0.07754428341384868 0.17519999999999997 
5 0.7394202898550725 0.45952 0.05479871175523345 0.15632000000000001 
5 0.6802375201288245 0.46055999999999997 0.044082125603864736 0.13578666666666664 
3 0.43634863123993556 0.4998666666666666 0.022439613526570052 0.13909333333333332 
5 0.5627777777777778 0.4699466666666666 0.03041867954911431 0.09365333333333335 
3 0.34174718196457327 0.5039333333333333 0.017117552334943633 0.15213333333333337 
3 0.21650966183574882 0.5299333333333334 0.025370370370370387 0.12056000000000001 
3 0.20927536231884059 0.5342933333333334 0.02584541062801934 0.116 
5 0.2629669887278583 0.5324133333333333 0.052165861513687614 0.15586666666666663 
3 0.290829307568438 0.5150133333333333 0.01639291465378423 0.11919999999999997 
3 0.2849476650563607 0.52144 0.018365539452495975 0.14378666666666665 
3 0.35017713365539455 0.5048266666666666 0.01125603864734301 0.14874666666666667 
0 0.8904991948470209 0.4331466666666667 0.09402576489533028 0.09082666666666667 
