0 0.4769524959742351 0.5088133333333333 0.030378421900161046 0.09170666666666663 
0 0.06608293075684381 0.7769466666666667 0.13216586151368762 0.44610666666666665 
0 0.0815499194847021 0.6316 0.1630998389694042 0.31744 
0 0.27466183574879227 0.62532 0.13798711755233495 0.2528266666666666 
0 0.24415056360708537 0.5659733333333333 0.09532206119162642 0.14895999999999995 
0 0.3694806763285024 0.5547066666666667 0.060603864734299503 0.12733333333333333 
0 0.3849194847020934 0.52612 0.04363929146537841 0.10029333333333329 
7 0.41705314009661837 0.4982533333333333 0.033542673107890476 0.1185333333333333 
1 0.4442149758454106 0.4790933333333333 0.01604669887278579 0.061546666666666625 
0 0.15750402576489533 0.5557466666666667 0.1034621578099839 0.1583733333333333 
