0 0.09863929146537842 0.78336 0.19727858293075684 0.42794666666666664 
0 0.28893719806763285 0.7303733333333333 0.18265700483091787 0.42949333333333334 
1 0.3854549114331723 0.52816 0.0944524959742351 0.30624 
0 0.813804347826087 0.6587866666666666 0.370780998389694 0.5118666666666666 
0 0.6826690821256038 0.5740266666666667 0.22442028985507248 0.25104 
0 0.20753623188405795 0.68284 0.15513687600644124 0.30210666666666663 
0 0.5822020933977456 0.5248133333333334 0.12074879227053142 0.16541333333333333 
1 0.43329307568438 0.5119866666666667 0.05152979066022544 0.14925333333333332 
0 0.5236030595813205 0.5101066666666666 0.028494363929146525 0.08314666666666669 
3 0.46399355877616744 0.48252 0.005636070853462158 0.051759999999999994 
3 0.467866344605475 0.4826666666666667 0.004557165861513662 0.05018666666666665 
