0 0.4944162640901772 0.5765466666666667 0.07057165861513685 0.21282666666666666 
0 0.25419082125603865 0.6494800000000001 0.14722222222222223 0.27538666666666667 
0 0.18875201288244767 0.5918533333333333 0.12971014492753624 0.202 
0 0.35885668276972627 0.5631999999999999 0.07541062801932365 0.1544533333333333 
7 0.4004428341384863 0.45943999999999996 0.07801932367149757 0.25381333333333334 
7 0.4463003220611917 0.46068 0.02719001610305966 0.1216266666666667 
0 0.055789049919484704 0.5937333333333332 0.11157809983896941 0.1972266666666667 
0 0.23883655394524958 0.536 0.06636876006441227 0.0993066666666667 
1 0.2918438003220612 0.50372 0.05175523349436395 0.10776 
0 0.5354186795491144 0.5122666666666668 0.02486312399355877 0.04874666666666667 
