3 0.6507367149758454 0.7180666666666666 0.06467793880837362 0.5532 
3 0.7319082125603864 0.6998533333333333 0.08909822866344604 0.5896266666666667 
3 0.17857890499194845 0.7180666666666666 0.07917069243156198 0.5532 
3 0.615901771336554 0.5765733333333334 0.02549114331723025 0.23549333333333333 
3 0.6187278582930757 0.56608 0.0249597423510467 0.20928000000000005 
3 0.9647584541062802 0.52484 0.04106280193236715 0.2585333333333333 
3 0.7409983896940419 0.5314133333333333 0.01985507246376809 0.19935999999999998 
3 0.9070410628019324 0.6875066666666667 0.06414653784219007 0.52232 
0 0.43137278582930755 0.5246533333333333 0.04731884057971013 0.14002666666666663 
1 0.47712560386473435 0.5012133333333333 0.03041867954911431 0.08813333333333329 
