3 0.9295933977455715 0.6653866666666667 0.13276167471819653 0.6585599999999999 
3 0.572487922705314 0.67148 0.053268921095008026 0.46136 
3 0.10503623188405799 0.68656 0.21007246376811597 0.6162133333333334 
5 0.23390096618357487 0.7224533333333334 0.1983816425120773 0.5444266666666666 
3 0.7761996779388084 0.53748 0.03351046698872786 0.3951733333333333 
3 0.7961956521739131 0.5569333333333333 0.047512077294685984 0.34416 
4 0.2639975845410628 0.7464 0.07203703703703705 0.34389333333333333 
4 0.34229066022544286 0.6169333333333334 0.04960547504025766 0.18175999999999998 
3 0.40601449275362317 0.54328 0.0153945249597424 0.17034666666666665 
3 0.3914855072463768 0.54868 0.01504830917874396 0.16040000000000001 
3 0.4602697262479871 0.5440933333333333 0.016062801932367185 0.17149333333333333 
3 0.47127616747181966 0.5183599999999999 0.012648953301127152 0.1315466666666667 
3 0.4870289855072464 0.5381466666666667 0.014154589371980619 0.16418666666666665 
3 0.40977858293075686 0.53636 0.01604669887278579 0.16285333333333332 
