0 0.4786392914653784 0.5188666666666666 0.0271175523349436 0.08189333333333336 
0 0.0325 0.6852133333333333 0.065 0.32269333333333333 
0 0.13864734299516907 0.6147066666666666 0.16837359098228663 0.2593866666666666 
7 0.2481642512077295 0.71276 0.106280193236715 0.2195466666666666 
0 0.3041747181964573 0.62884 0.12276167471819643 0.24626666666666672 
0 0.26878824476650565 0.5684933333333333 0.07725442834138485 0.12029333333333336 
0 0.38077294685990337 0.5538666666666666 0.054106280193236704 0.1218666666666667 
0 0.33703301127214175 0.5334533333333333 0.044130434782608696 0.10018666666666673 
0 0.403780193236715 0.5308666666666666 0.0369001610305958 0.08536000000000005 
0 0.4233937198067633 0.5263066666666667 0.02615942028985508 0.06306666666666669 
7 0.4385185185185186 0.49234666666666665 0.02003220611916264 0.07413333333333337 
1 0.24810789049919482 0.5287466666666667 0.06971014492753622 0.13471999999999995 
