3 0.9113083735909823 0.63628 0.16933172302737515 0.7167733333333334 
3 0.9038365539452496 0.5974400000000001 0.08928341384863132 0.6874133333333332 
4 0.27193236714975844 0.7386 0.09312399355877614 0.34141333333333335 
4 0.06609098228663446 0.8726933333333333 0.13218196457326892 0.24394666666666673 
3 0.4070571658615137 0.5756133333333334 0.026304347826086923 0.2984266666666667 
3 0.3869565217391305 0.5861466666666667 0.0322061191626409 0.2875466666666668 
3 0.49285024154589374 0.5242533333333333 0.024685990338164317 0.20317333333333332 
3 0.500402576489533 0.49609333333333333 0.0187922705314009 0.14701333333333333 
3 0.5381078904991948 0.5233733333333332 0.014492753623188406 0.19618666666666673 
3 0.586561996779388 0.49570666666666663 0.016908212560386472 0.16858666666666666 
0 0.45747181964573275 0.4790933333333333 0.026956521739130358 0.06880000000000003 
3 0.36776167471819643 0.5328666666666666 0.017713365539452495 0.19847999999999993 
3 0.5616666666666666 0.5131466666666666 0.015024154589371955 0.17141333333333333 
