3 0.9013969404186795 0.6647733333333333 0.09975040257648961 0.6597866666666667 
3 0.5464573268921096 0.6456000000000001 0.05161030595813206 0.41674666666666665 
3 0.22083735909822863 0.7043999999999999 0.10344605475040257 0.5805333333333333 
3 0.8934742351046698 0.6259733333333334 0.20500000000000002 0.7373866666666666 
5 0.3205515297906602 0.7243866666666666 0.10482286634460553 0.54056 
3 0.7558856682769726 0.5325333333333333 0.03985507246376811 0.3578666666666667 
4 0.2951570048309179 0.6963866666666666 0.05975040257648952 0.28952 
4 0.34773349436392914 0.6190666666666667 0.045966183574879256 0.16906666666666675 
3 0.4009822866344605 0.5365333333333333 0.015813204508856673 0.15770666666666672 
3 0.38850241545893716 0.54192 0.014895330112721417 0.14773333333333327 
3 0.4573752012882447 0.5419466666666667 0.018856682769726216 0.1661333333333333 
3 0.4824154589371981 0.5385599999999999 0.011626409017713318 0.15877333333333332 
3 0.4186191626409017 0.53332 0.01599838969404187 0.15714666666666668 
