0 0.4776328502415459 0.51392 0.027922705314009623 0.08432 
0 0.14168679549114332 0.7640666666666666 0.28337359098228665 0.47186666666666666 
0 0.17322866344605473 0.6067866666666667 0.1314170692431562 0.18029333333333336 
0 0.34335346215781 0.5830933333333334 0.08118357487922709 0.17205333333333328 
0 0.298329307568438 0.5402666666666667 0.06097423510466986 0.12709333333333334 
0 0.38586151368760063 0.5416533333333333 0.04838969404186797 0.10698666666666667 
0 0.4128985507246377 0.5280266666666666 0.0320289855072464 0.0744533333333333 
7 0.4343719806763285 0.4936933333333333 0.022930756843800335 0.08402666666666664 
0 0.021549919484702095 0.6123066666666667 0.04309983896940419 0.20466666666666666 
1 0.1794122383252818 0.5346666666666666 0.10265700483091786 0.1770666666666666 
