0 0.12880837359098227 0.7217866666666667 0.25761674718196453 0.5510933333333333 
0 0.8343397745571659 0.7448266666666666 0.32971014492753625 0.5050133333333333 
0 0.478756038647343 0.57304 0.10293880837359091 0.20581333333333326 
0 0.7084420289855072 0.64752 0.11776972624798711 0.32074666666666657 
0 0.6945048309178744 0.5723999999999999 0.08406602254428339 0.22458666666666666 
0 0.9532769726247987 0.45957333333333333 0.0918357487922705 0.18165333333333333 
1 0.8933977455716585 0.45692 0.11988727858293065 0.1976266666666667 
1 0.8082608695652175 0.47652 0.10188405797101456 0.17394666666666664 
0 0.5275805152979066 0.5044133333333334 0.04667471819645735 0.10114666666666669 
0 0.6543075684380033 0.5065466666666666 0.03388083735909826 0.09047999999999994 
0 0.5562962962962963 0.4838266666666667 0.03283413848631238 0.07687999999999996 
2 0.6301489533011272 0.43118666666666666 0.036449275362318824 0.11442666666666666 
