3 0.7294484702093397 0.6787733333333333 0.0858856682769726 0.6317866666666666 
3 0.8406360708534621 0.5808666666666666 0.05877616747181955 0.5462666666666667 
3 0.9884259259259259 0.5929466666666667 0.015096618357487922 0.5270133333333333 
4 0.11895330112721418 0.81468 0.1451207729468599 0.35997333333333337 
4 0.18800322061191627 0.8107599999999999 0.10549114331723027 0.3678133333333333 
4 0.3115539452495974 0.6589466666666667 0.06826086956521737 0.24904000000000004 
4 0.21521739130434783 0.8113333333333334 0.10703703703703701 0.36666666666666664 
3 0.4231481481481481 0.5456933333333334 0.01904991948470207 0.22648000000000001 
3 0.4002254428341385 0.5452666666666667 0.022270531400966204 0.21469333333333332 
3 0.4746698872785829 0.5253599999999999 0.01985507246376809 0.18848 
3 0.49752818035426727 0.4975333333333333 0.013285024154589372 0.1402933333333333 
3 0.5143236714975845 0.5231466666666666 0.01476650563607088 0.18122666666666667 
3 0.5708252818035426 0.49488000000000004 0.01664251207729465 0.15882666666666667 
0 0.4486473429951691 0.4779333333333333 0.02486312399355877 0.06434666666666665 
3 0.39042673107890496 0.5251733333333334 0.033043478260869584 0.18160000000000007 
3 0.5382528180354267 0.5140533333333334 0.013687600644122383 0.16234666666666667 
